tests/test1_good/PLA19E002.cnv
* Sea-Bird SBE25 Data File:
* FileName = D:\Campañas NAFO\Platuxa19\PLA19E002.hex
* Software Version 1.59
* Temperature SN = 5117
* Conductivity SN = 3687
* System UpLoad Time = Jun 08 2019 17:39:38
** Ship: Vizconde de Eza
** Cruise: PLATUXA19
** Station:PLA19E002
** Haul:2
** Latitude:4307941
** Longitude:-4971731
** Date:08/06/2019
** Time UTC:17:10
** Depth:720
# nquan = 11
# nvalues = 1389                        
# units = specified
# name 0 = prSM: Pressure, Strain Gauge [db]
# name 1 = t090C: Temperature [ITS-90, deg C]
# name 2 = c0S/m: Conductivity [S/m]
# name 3 = sbeox0V: Oxygen raw, SBE 43 [V]
# name 4 = flECO-AFL: Fluorescence, WET Labs ECO-AFL/FL [mg/m^3]
# name 5 = turbWETntu0: Turbidity, WET Labs ECO [NTU]
# name 6 = oxsatML/L: Oxygen Saturation, Weiss [ml/l]
# name 7 = sal00: Salinity, Practical [PSU]
# name 8 = sbeox0ML/L: Oxygen, SBE 43 [ml/l], WS = 2
# name 9 = sbeox0PS: Oxygen, SBE 43 [% saturation], WS = 2
# name 10 = flag: flag
# span 0 =      1.000,    695.000       
# span 1 =     3.4446,    10.1401       
# span 2 =   3.179150,   3.802047       
# span 3 =     1.7690,     2.7196       
# span 4 =     0.0043,     3.5770       
# span 5 =     0.1134,     3.1052       
# span 6 =    6.30799,    7.38898       
# span 7 =    32.5920,    35.0557       
# span 8 =     4.4675,     7.9744       
# span 9 =     69.586,    117.241       
# span 10 = 0.0000e+00, 0.0000e+00      
# interval = decibars: 1                
# start_time = Jun 08 2019 17:02:43 [Instrument's time stamp, header]
# bad_flag = -9.990e-29
*END*
[from data line 263]
    264.000     6.5476   3.477323     1.8224     0.0373     0.1384    6.84366    34.7610     5.0679     74.175 0.0000e+00
    265.000     6.4920   3.471129     1.8272     0.0373     0.1392    6.85316    34.7480     5.1018     74.569 0.0000e+00
    266.000     6.3851   3.460204     1.8328     0.0373     0.1584    6.87099    34.7344     5.1427     74.974 0.0000e+00
    267.000     6.3345   3.455184     1.8381     0.0457     0.1411    6.87940    34.7293     5.1533     75.038 0.0000e+00
    268.000     6.3028   3.451744     1.8411     0.0441     0.1319    6.88483    34.7226     5.1318     74.667 0.0000e+00
    269.000     6.2306   3.444469     1.8393     0.0369     0.1323    6.89693    34.7142     5.1067     74.174 0.0000e+00
    270.000     6.1883   3.441126     1.8361     0.0373     0.1379    6.90359    34.7194     5.0805     73.722 0.0000e+00
    271.000     6.2128   3.444522     1.8309     0.0438     0.1366    6.89903    34.7320     5.0564     73.420 0.0000e+00
    272.000     6.2647   3.450255     1.8279     0.0482     0.1324    6.89011    34.7428     5.0498     73.418 0.0000e+00
    273.000     6.2524   3.449411     1.8254     0.0349     0.1342    6.89199    34.7453     5.0491     73.389 0.0000e+00
    274.000     6.2914   3.454401     1.8222     0.0264     0.1335    6.88495    34.7609     5.0560     73.562 0.0000e+00
    275.000     6.2889   3.454243     1.8237     0.0348     0.1369    6.88535    34.7612     5.1136     74.397 0.0000e+00
    276.000     6.2794   3.453180     1.8283     0.0243     0.1467    6.88702    34.7585     5.1504     74.915 0.0000e+00
    277.000     6.2217   3.446582     1.8330     0.0158     0.1342    6.89709    34.7430     5.1660     75.033 0.0000e+00
    278.000     6.1865   3.443885     1.8357     0.0153     0.1287    6.90258    34.7481     5.1552     74.818 0.0000e+00
    279.000     6.1185   3.435459     1.8362     0.0153     0.1271    6.91484    34.7224     5.1635     74.807 0.0000e+00
    280.000     6.0104   3.426333     1.8402     0.0174     0.1333    6.93220    34.7298     5.2165     75.388 0.0000e+00
    281.000     5.9805   3.422047     1.8472     0.0362     0.1288    6.93793    34.7115     5.2434     75.715 0.0000e+00
    282.000     5.9106   3.415246     1.8566     0.0366     0.1603    6.94973    34.7057     5.3076     76.513 0.0000e+00
    283.000     5.8340   3.407937     1.8660     0.0253     0.1331    6.96255    34.7012     5.2943     76.184 0.0000e+00
    284.000     5.8271   3.406185     1.8622     0.0282     0.1343    6.96430    34.6879     5.2738     75.870 0.0000e+00
    285.000     5.7541   3.398206     1.8636     0.0376     0.1448    6.97713    34.6719     5.3692     77.102 0.0000e+00
    286.000     5.6552   3.388671     1.8710     0.0373     0.1394    6.99391    34.6647     5.4955     78.730 0.0000e+00
    287.000     5.6031   3.384004     1.8835     0.0373     0.1385    7.00261    34.6646     5.6248     80.483 0.0000e+00
    288.000     5.6036   3.384444     1.9048     0.0373     0.1326    7.00234    34.6685     5.7567     82.374 0.0000e+00
    289.000     5.4361   3.364739     1.9327     0.0397     0.1429    7.03304    34.6152     5.8637     83.542 0.0000e+00
    290.000     4.7201   3.293751     1.9589     0.0363     0.1334    7.15898    34.5370     5.9308     83.034 0.0000e+00
    291.000     4.5227   3.275186     1.9672     0.0472     0.1302    7.19398    34.5253     5.9210     82.499 0.0000e+00
    292.000     4.6985   3.293321     1.9693     0.0673     0.1462    7.16196    34.5534     5.8011     81.184 0.0000e+00
    293.000     4.7987   3.303209     1.9623     0.0589     0.1595    7.14408    34.5637     5.7810     81.103 0.0000e+00
    294.000     4.7476   3.296947     1.9616     0.0480     0.1608    7.15390    34.5435     5.8197     81.535 0.0000e+00
    295.000     4.6396   3.287583     1.9624     0.0483     0.1461    7.17255    34.5463     5.8576     81.857 0.0000e+00
    296.000     4.7977   3.309671     1.9638     0.0455     0.1413    7.14078    34.6383     5.8395     81.962 0.0000e+00
    297.000     4.9459   3.319856     1.9647     0.0392     0.1383    7.11690    34.6019     5.8204     81.964 0.0000e+00
    298.000     4.7673   3.300263     1.9659     0.0541     0.1426    7.14978    34.5595     5.8534     82.054 0.0000e+00
    299.000     4.6392   3.289807     1.9678     0.0590     0.1397    7.17148    34.5705     5.8763     82.130 0.0000e+00
    300.000     4.6180   3.287764     1.9681     0.0444     0.1335    7.17527    34.5683     5.8515     81.740 0.0000e+00
    301.000     4.6066   3.286625     1.9664     0.0591     0.1383    7.17736    34.5663     5.8535     81.746 0.0000e+00
    302.000     4.5960   3.285920     1.9666     0.0580     0.1384    7.17910    34.5686     5.8802     82.098 0.0000e+00
    303.000     4.6057   3.287245     1.9686     0.0481     0.1357    7.17718    34.5735     5.9046     82.462 0.0000e+00
    304.000     4.5993   3.286759     1.9712     0.0447     0.1294    7.17826    34.5739     5.9283     82.780 0.0000e+00
    305.000     4.5539   3.282382     1.9745     0.0150     0.1262    7.18641    34.5696     5.9448     82.918 0.0000e+00
    306.000     4.4768   3.274719     1.9759     0.0262     0.1358    7.20038    34.5599     5.9489     82.816 0.0000e+00
    307.000     4.4373   3.271733     1.9768     0.0471     0.1498    7.20705    34.5656     5.9526     82.792 0.0000e+00
    308.000     4.4096   3.269131     1.9781     0.0574     0.1362    7.21201    34.5634     5.9535     82.749 0.0000e+00
    309.000     4.3915   3.267429     1.9815     0.0384     0.1362    7.21528    34.5619     5.9859     83.162 0.0000e+00
    310.000     4.3779   3.266143     1.9831     0.0260     0.1447    7.21774    34.5605     5.9969     83.286 0.0000e+00
    311.000     4.3684   3.265431     1.9846     0.0445     0.1395    7.21937    34.5615     6.0035     83.359 0.0000e+00
    312.000     4.3620   3.264916     1.9855     0.0481     0.1370    7.22049    34.5617     6.0110     83.452 0.0000e+00
    313.000     4.3351   3.262120     1.9870     0.0260     0.1276    7.22549    34.5565     6.0184     83.496 0.0000e+00
    314.000     4.2846   3.258076     1.9882     0.0300     0.1272    7.23418    34.5611     6.0355     83.635 0.0000e+00
    315.000     4.2479   3.254843     1.9906     0.0370     0.1321    7.24070    34.5611     6.0497     83.757 0.0000e+00
    316.000     4.1924   3.249814     1.9947     0.0343     0.1344    7.25063    34.5594     6.0862     84.148 0.0000e+00
    317.000     4.1334   3.244205     2.0054     0.0394     0.1377    7.26135    34.5545     6.1673     85.146 0.0000e+00
    318.000     4.1126   3.242080     2.0111     0.0488     0.1320    7.26525    34.5507     6.1925     85.449 0.0000e+00
    319.000     4.0448   3.234356     2.0142     0.0483     0.1323    7.27836    34.5299     6.2136     85.587 0.0000e+00
    320.000     3.9467   3.225934     2.0169     0.0461     0.1323    7.29581    34.5327     6.2353     85.685 0.0000e+00
    321.000     3.9183   3.224115     2.0198     0.0373     0.1384    7.30054    34.5405     6.2493     85.822 0.0000e+00
    322.000     3.9085   3.223030     2.0228     0.0343     0.1384    7.30245    34.5373     6.2565     85.900 0.0000e+00
    323.000     3.8626   3.218833     2.0263     0.0393     0.1354    7.31082    34.5352     6.2644     85.911 0.0000e+00
    324.000     3.8238   3.215291     2.0299     0.0373     0.1282    7.31791    34.5334     6.2740     85.960 0.0000e+00
    325.000     3.8183   3.214807     2.0321     0.0391     0.1362    7.31893    34.5329     6.2710     85.907 0.0000e+00
    326.000     3.8202   3.215044     2.0321     0.0492     0.1394    7.31857    34.5332     6.2650     85.830 0.0000e+00
    327.000     3.8183   3.214816     2.0321     0.0292     0.1511    7.31897    34.5319     6.2652     85.827 0.0000e+00
    328.000     3.8155   3.214594     2.0321     0.0263     0.1445    7.31948    34.5316     6.2593     85.742 0.0000e+00
    329.000     3.8156   3.214696     2.0311     0.0263     0.1385    7.31944    34.5323     6.2545     85.676 0.0000e+00
    330.000     3.8228   3.215483     2.0308     0.0263     0.1325    7.31809    34.5336     6.2558     85.709 0.0000e+00
    331.000     3.8261   3.215780     2.0301     0.0442     0.1323    7.31751    34.5331     6.2517     85.659 0.0000e+00
    332.000     3.8253   3.215801     2.0296     0.0382     0.1371    7.31762    34.5336     6.2629     85.811 0.0000e+00
    333.000     3.8280   3.215995     2.0309     0.0397     0.1277    7.31719    34.5326     6.2722     85.944 0.0000e+00
    334.000     3.8227   3.215508     2.0309     0.0372     0.1356    7.31819    34.5318     6.2655     85.841 0.0000e+00
    335.000     3.8043   3.213750     2.0305     0.0373     0.1340    7.32162    34.5298     6.2546     85.652 0.0000e+00
    336.000     3.7967   3.213231     2.0289     0.0419     0.1349    7.32292    34.5310     6.2477     85.542 0.0000e+00
    337.000     3.8129   3.214911     2.0282     0.0410     0.1384    7.31987    34.5334     6.2557     85.687 0.0000e+00
    338.000     3.8147   3.214994     2.0283     0.0307     0.1363    7.31962    34.5320     6.2636     85.798 0.0000e+00
    339.000     3.8155   3.215208     2.0284     0.0372     0.1323    7.31942    34.5331     6.2620     85.779 0.0000e+00
    340.000     3.8110   3.214618     2.0283     0.0400     0.1390    7.32037    34.5303     6.2551     85.673 0.0000e+00
    341.000     3.7859   3.212252     2.0272     0.0384     0.1464    7.32502    34.5281     6.2652     85.757 0.0000e+00
    342.000     3.7868   3.212437     2.0286     0.0393     0.1383    7.32483    34.5288     6.2842     86.020 0.0000e+00
    343.000     3.7841   3.212183     2.0301     0.0564     0.1384    7.32535    34.5281     6.2972     86.192 0.0000e+00
    344.000     3.7369   3.207073     2.0318     0.0436     0.1384    7.33446    34.5163     6.3276     86.501 0.0000e+00
    345.000     3.7083   3.204831     2.0344     0.0371     0.1384    7.33951    34.5193     6.3507     86.759 0.0000e+00
    346.000     3.6775   3.201725     2.0367     0.0373     0.1373    7.34535    34.5141     6.3612     86.835 0.0000e+00
    347.000     3.6488   3.199137     2.0387     0.0434     0.1324    7.35064    34.5130     6.3827     87.067 0.0000e+00
    348.000     3.5740   3.192013     2.0448     0.0292     0.1350    7.36462    34.5062     6.4345     87.609 0.0000e+00
    349.000     3.5074   3.185338     2.0550     0.0237     0.1410    7.37729    34.4960     6.4800     88.079 0.0000e+00
    350.000     3.4446   3.179670     2.0584     0.0235     0.1374    7.38891    34.4938     6.4678     87.777 0.0000e+00
    351.000     3.4521   3.180514     2.0586     0.0482     0.1323    7.38746    34.4955     6.4524     87.584 0.0000e+00
    352.000     3.4627   3.181606     2.0578     0.0483     0.1398    7.38543    34.4968     6.4399     87.440 0.0000e+00
    353.000     3.4676   3.182176     2.0578     0.0453     0.1449    7.38449    34.4980     6.4411     87.466 0.0000e+00
    354.000     3.4764   3.183182     2.0568     0.0373     0.1372    7.38276    34.5002     6.4371     87.433 0.0000e+00
    355.000     3.4984   3.185858     2.0566     0.0373     0.1338    7.37833    34.5086     6.4380     87.496 0.0000e+00
    356.000     3.5376   3.189810     2.0561     0.0373     0.1394    7.37088    34.5140     6.4291     87.462 0.0000e+00
    357.000     3.5440   3.190482     2.0539     0.0434     0.1498    7.36967    34.5147     6.4014     87.100 0.0000e+00
    358.000     3.5587   3.192795     2.0526     0.0376     0.1448    7.36641    34.5263     6.3902     86.985 0.0000e+00
    359.000     3.5865   3.195493     2.0514     0.0373     0.1445    7.36122    34.5287     6.3784     86.885 0.0000e+00
    360.000     3.5949   3.196329     2.0499     0.0482     0.1445    7.35966    34.5293     6.3711     86.804 0.0000e+00
    361.000     3.6049   3.197668     2.0487     0.0566     0.1434    7.35760    34.5343     6.3643     86.734 0.0000e+00
    362.000     3.6266   3.199792     2.0471     0.0356     0.1349    7.35354    34.5362     6.3585     86.703 0.0000e+00
    363.000     3.6503   3.202598     2.0453     0.0373     0.1323    7.34884    34.5442     6.3496     86.635 0.0000e+00
    364.000     3.6953   3.206884     2.0426     0.0448     0.1346    7.34050    34.5473     6.3421     86.631 0.0000e+00
    365.000     3.7094   3.208427     2.0420     0.0400     0.1264    7.33780    34.5503     6.3549     86.837 0.0000e+00
    366.000     3.7164   3.209145     2.0420     0.0380     0.1262    7.33650    34.5510     6.3436     86.698 0.0000e+00
    367.000     3.7140   3.209103     2.0397     0.0484     0.1299    7.33685    34.5524     6.3089     86.220 0.0000e+00
    368.000     3.7272   3.210733     2.0378     0.0396     0.1359    7.33422    34.5575     6.2981     86.103 0.0000e+00
    369.000     3.7404   3.212254     2.0362     0.0294     0.1442    7.33165    34.5612     6.2905     86.029 0.0000e+00
    370.000     3.7528   3.213638     2.0346     0.0263     0.1430    7.32926    34.5640     6.2900     86.048 0.0000e+00
    371.000     3.7861   3.217106     2.0334     0.0263     0.1383    7.32295    34.5696     6.2845     86.046 0.0000e+00
    372.000     3.8266   3.220989     2.0322     0.0263     0.1384    7.31549    34.5727     6.2785     86.050 0.0000e+00
    373.000     3.8516   3.223303     2.0289     0.0332     0.1390    7.31095    34.5733     6.2602     85.853 0.0000e+00
    374.000     3.8515   3.223414     2.0247     0.0374     0.1534    7.31093    34.5742     6.2627     85.887 0.0000e+00
    375.000     3.8569   3.224082     2.0259     0.0373     0.1312    7.30987    34.5759     6.2941     86.330 0.0000e+00
    376.000     3.9062   3.230132     2.0271     0.0279     0.1349    7.30005    34.5954     6.2944     86.448 0.0000e+00
    377.000     3.9420   3.232735     2.0286     0.0262     0.1373    7.29397    34.5880     6.3001     86.598 0.0000e+00
    378.000     3.9404   3.232591     2.0300     0.0263     0.1322    7.29428    34.5875     6.3081     86.704 0.0000e+00
    379.000     3.9159   3.229799     2.0315     0.0307     0.1323    7.29908    34.5796     6.3144     86.734 0.0000e+00
    380.000     3.8501   3.224472     2.0325     0.0370     0.1364    7.31065    34.5851     6.3283     86.790 0.0000e+00
    381.000     3.8352   3.223447     2.0363     0.0530     0.1438    7.31319    34.5881     6.3381     86.894 0.0000e+00
    382.000     3.8362   3.223701     2.0379     0.0465     0.1576    7.31294    34.5895     6.3219     86.676 0.0000e+00
    383.000     3.8390   3.224359     2.0370     0.0455     0.1632    7.31223    34.5939     6.3225     86.693 0.0000e+00
    384.000     3.8429   3.225024     2.0373     0.0373     0.1505    7.31136    34.5971     6.3349     86.873 0.0000e+00
    385.000     3.8431   3.225141     2.0380     0.0373     0.1449    7.31130    34.5978     6.3398     86.940 0.0000e+00
    386.000     3.8415   3.225074     2.0383     0.0373     0.1445    7.31157    34.5982     6.3378     86.910 0.0000e+00
    387.000     3.8389   3.224922     2.0387     0.0443     0.1439    7.31202    34.5985     6.3403     86.939 0.0000e+00
    388.000     3.8379   3.224889     2.0396     0.0468     0.1381    7.31219    34.5987     6.3409     86.946 0.0000e+00
    389.000     3.8349   3.224688     2.0396     0.0371     0.1421    7.31272    34.5989     6.3478     87.034 0.0000e+00
    390.000     3.8321   3.224669     2.0401     0.0373     0.1328    7.31312    34.6011     6.3544     87.119 0.0000e+00
    391.000     3.8355   3.225249     2.0408     0.0351     0.1359    7.31237    34.6039     6.3548     87.134 0.0000e+00
    392.000     3.8400   3.225881     2.0408     0.0294     0.1418    7.31145    34.6061     6.3511     87.094 0.0000e+00
    393.000     3.8402   3.225981     2.0411     0.0374     0.1384    7.31139    34.6066     6.3524     87.112 0.0000e+00
