tests/test1_good/PLA19E002.cnv
* Sea-Bird SBE25 Data File:
* FileName = D:\Campañas NAFO\Platuxa19\PLA19E002.hex
* Software Version 1.59
* Temperature SN = 5117
* Conductivity SN = 3687
* System UpLoad Time = Jun 08 2019 17:39:38
** Ship: Vizconde de Eza
** Cruise: PLATUXA19
** Station:PLA19E002
** Haul:2
** Latitude:4307941
** Longitude:-4971731
** Date:08/06/2019
** Time UTC:17:10
** Depth:720
# nquan = 11
# nvalues = 1389                        
# units = specified
# name 0 = prSM: Pressure, Strain Gauge [db]
# name 1 = t090C: Temperature [ITS-90, deg C]
# name 2 = c0S/m: Conductivity [S/m]
# name 3 = sbeox0V: Oxygen raw, SBE 43 [V]
# name 4 = flECO-AFL: Fluorescence, WET Labs ECO-AFL/FL [mg/m^3]
# name 5 = turbWETntu0: Turbidity, WET Labs ECO [NTU]
# name 6 = oxsatML/L: Oxygen Saturation, Weiss [ml/l]
# name 7 = sal00: Salinity, Practical [PSU]
# name 8 = sbeox0ML/L: Oxygen, SBE 43 [ml/l], WS = 2
# name 9 = sbeox0PS: Oxygen, SBE 43 [% saturation], WS = 2
# name 10 = flag: flag
# span 0 =      1.000,    695.000       
# span 1 =     3.4446,    10.1401       
# span 2 =   3.179150,   3.802047       
# span 3 =     1.7690,     2.7196       
# span 4 =     0.0043,     3.5770       
# span 5 =     0.1134,     3.1052       
# span 6 =    6.30799,    7.38898       
# span 7 =    32.5920,    35.0557       
# span 8 =     4.4675,     7.9744       
# span 9 =     69.586,    117.241       
# span 10 = 0.0000e+00, 0.0000e+00      
# interval = decibars: 1                
# start_time = Jun 08 2019 17:02:43 [Instrument's time stamp, header]
# bad_flag = -9.990e-29
*END*
[from data line 1050]
    339.000     3.4483   3.179420     2.0531     0.0263     0.1323    7.38828    34.4929     6.3753     86.529 0.0000e+00
    338.000     3.4700   3.181650     2.0497     0.0219     0.1372    7.38409    34.4973     6.3477     86.202 0.0000e+00
    337.000     3.5157   3.185894     2.0468     0.0180     0.1384    7.37555    34.5003     6.3298     86.058 0.0000e+00
    336.000     3.5491   3.189108     2.0447     0.0154     0.1384    7.36926    34.5041     6.3165     85.949 0.0000e+00
    335.000     3.5760   3.191770     2.0425     0.0178     0.1356    7.36415    34.5081     6.3041     85.838 0.0000e+00
    334.000     3.6223   3.196110     2.0401     0.0345     0.1324    7.35553    34.5117     6.2932     85.789 0.0000e+00
    333.000     3.6549   3.199059     2.0378     0.0371     0.1395    7.34952    34.5130     6.2861     85.762 0.0000e+00
    332.000     3.7152   3.204819     2.0316     0.0360     0.1493    7.33829    34.5188     6.2650     85.602 0.0000e+00
    331.000     3.7275   3.205989     2.0292     0.0399     0.1495    7.33598    34.5203     6.2690     85.684 0.0000e+00
    330.000     3.7323   3.206452     2.0295     0.0494     0.1439    7.33506    34.5213     6.2666     85.660 0.0000e+00
    329.000     3.7332   3.206412     2.0290     0.0351     0.1396    7.33494    34.5205     6.2598     85.570 0.0000e+00
    328.000     3.7275   3.205864     2.0283     0.0172     0.1385    7.33596    34.5203     6.2624     85.593 0.0000e+00
    327.000     3.7238   3.205381     2.0284     0.0187     0.1384    7.33671    34.5191     6.2756     85.766 0.0000e+00
    326.000     3.7241   3.205365     2.0300     0.0410     0.1322    7.33666    34.5191     6.2817     85.849 0.0000e+00
    325.000     3.7220   3.205108     2.0306     0.0558     0.1371    7.33705    34.5188     6.2709     85.697 0.0000e+00
    324.000     3.7261   3.205460     2.0300     0.0252     0.1421    7.33628    34.5192     6.2643     85.616 0.0000e+00
    323.000     3.7281   3.205619     2.0295     0.0352     0.1494    7.33590    34.5196     6.2636     85.611 0.0000e+00
    322.000     3.7409   3.206768     2.0295     0.0373     0.1486    7.33354    34.5202     6.2601     85.590 0.0000e+00
    321.000     3.7555   3.208061     2.0289     0.0373     0.1447    7.33088    34.5209     6.2483     85.459 0.0000e+00
    320.000     3.7760   3.209870     2.0279     0.0373     0.1337    7.32714    34.5213     6.2242     85.173 0.0000e+00
    319.000     3.8098   3.213074     2.0239     0.0373     0.1323    7.32088    34.5244     6.1618     84.389 0.0000e+00
    318.000     3.8516   3.216851     2.0162     0.0373     0.1224    7.31325    34.5258     6.0986     83.610 0.0000e+00
    317.000     3.9530   3.227254     2.0063     0.0373     0.1404    7.29418    34.5432     6.0504     83.162 0.0000e+00
    316.000     4.1438   3.244742     1.9964     0.0513     0.1277    7.25971    34.5504     6.0067     82.947 0.0000e+00
    315.000     4.2038   3.250717     1.9882     0.0362     0.1385    7.24863    34.5585     5.9410     82.164 0.0000e+00
    314.000     4.2575   3.255682     1.9819     0.0373     0.1551    7.23898    34.5614     5.8802     81.430 0.0000e+00
    313.000     4.2723   3.257282     1.9754     0.0305     0.1430    7.23616    34.5652     5.8493     81.034 0.0000e+00
    312.000     4.3162   3.260966     1.9708     0.0263     0.1263    7.22850    34.5631     5.8321     80.880 0.0000e+00
    311.000     4.3439   3.262921     1.9666     0.0321     0.1294    7.22388    34.5577     5.8174     80.725 0.0000e+00
    310.000     4.3905   3.267980     1.9620     0.0375     0.1388    7.21512    34.5689     5.8053     80.655 0.0000e+00
    309.000     4.5125   3.278957     1.9580     0.0224     0.1384    7.19360    34.5706     5.7948     80.745 0.0000e+00
    308.000     4.6146   3.288535     1.9530     0.0148     0.1384    7.17546    34.5766     5.7875     80.845 0.0000e+00
    307.000     4.6366   3.290551     1.9499     0.0209     0.1384    7.17157    34.5777     5.7342     80.144 0.0000e+00
    306.000     4.6577   3.292604     1.9459     0.0387     0.1384    7.16779    34.5802     5.6879     79.538 0.0000e+00
    305.000     4.6740   3.294222     1.9414     0.0346     0.1430    7.16483    34.5826     5.6608     79.192 0.0000e+00
    304.000     4.6994   3.296577     1.9376     0.0260     0.1446    7.16035    34.5841     5.6477     79.056 0.0000e+00
    303.000     4.7295   3.299309     1.9340     0.0263     0.1445    7.15508    34.5851     5.6367     78.960 0.0000e+00
    302.000     4.7454   3.301028     1.9306     0.0350     0.1384    7.15212    34.5891     5.6270     78.855 0.0000e+00
    301.000     4.8654   3.313130     1.9258     0.0420     0.1384    7.13061    34.6054     5.5994     78.703 0.0000e+00
    300.000     5.0540   3.331357     1.9073     0.0390     0.1436    7.09746    34.6213     5.5484     78.344 0.0000e+00
    299.000     5.0769   3.333716     1.9096     0.0487     0.1437    7.09335    34.6252     5.6793     80.239 0.0000e+00
    298.000     5.0891   3.334768     1.9268     0.0504     0.1335    7.09127    34.6252     5.8304     82.398 0.0000e+00
    297.000     4.9387   3.318476     1.9512     0.0235     0.1323    7.11856    34.5934     5.9743     84.111 0.0000e+00
    296.000     4.6964   3.293626     1.9656     0.0357     0.1374    7.16213    34.5570     5.9613     83.425 0.0000e+00
    295.000     4.6076   3.283968     1.9672     0.0374     0.1385    7.17854    34.5374     5.8621     81.852 0.0000e+00
    294.000     4.5289   3.275046     1.9654     0.0373     0.1384    7.19334    34.5156     5.7834     80.588 0.0000e+00
    293.000     4.5131   3.273646     1.9588     0.0373     0.1396    7.19608    34.5163     5.7292     79.804 0.0000e+00
    292.000     4.4810   3.269590     1.9533     0.0373     0.1495    7.20236    34.5027     5.7248     79.674 0.0000e+00
    291.000     4.4710   3.268976     1.9491     0.0393     0.1517    7.20393    34.5065     5.7518     80.033 0.0000e+00
    290.000     4.7049   3.292936     1.9478     0.0498     0.1526    7.16141    34.5432     5.7710     80.771 0.0000e+00
    289.000     5.1346   3.335446     1.9204     0.0349     0.1322    7.08502    34.5908     5.4223     76.701 0.0000e+00
    288.000     5.3263   3.354616     1.9007     0.0327     0.1321    7.05149    34.6135     5.2604     74.755 0.0000e+00
    287.000     5.3896   3.361439     1.8901     0.0259     0.1323    7.04018    34.6269     5.2125     74.191 0.0000e+00
    286.000     5.4388   3.366732     1.8808     0.0291     0.1323    7.03142    34.6372     5.1756     73.757 0.0000e+00
    285.000     5.4677   3.370184     1.8727     0.0367     0.1323    7.02609    34.6473     5.1563     73.537 0.0000e+00
    284.000     5.5550   3.379490     1.8648     0.0373     0.1323    7.01067    34.6642     5.1347     73.387 0.0000e+00
    283.000     5.6498   3.389249     1.8586     0.0373     0.1323    6.99419    34.6783     5.1247     73.415 0.0000e+00
    282.000     5.8202   3.406705     1.8522     0.0260     0.1417    6.96480    34.7019     5.1011     73.381 0.0000e+00
    281.000     5.9620   3.421257     1.8443     0.0288     0.1463    6.94054    34.7215     5.0754     73.262 0.0000e+00
    280.000     6.1189   3.436544     1.8246     0.0356     0.1450    6.91425    34.7338     5.0570     73.270 0.0000e+00
    279.000     6.1118   3.435932     1.8204     0.0261     0.1257    6.91537    34.7347     5.0340     72.926 0.0000e+00
    278.000     6.1134   3.436116     1.8170     0.0263     0.1262    6.91507    34.7355     5.0302     72.873 0.0000e+00
    277.000     6.1361   3.438419     1.8161     0.0263     0.1300    6.91122    34.7387     5.0404     73.061 0.0000e+00
    276.000     6.1521   3.440231     1.8154     0.0304     0.1321    6.90841    34.7433     5.0476     73.195 0.0000e+00
    275.000     6.2266   3.447430     1.8154     0.0368     0.1387    6.89605    34.7485     5.0442     73.275 0.0000e+00
    274.000     6.2883   3.453488     1.8158     0.0254     0.1426    6.88578    34.7539     5.0517     73.493 0.0000e+00
    273.000     6.2412   3.447814     1.8193     0.0287     0.1256    6.89410    34.7389     5.1014     74.127 0.0000e+00
    272.000     6.2588   3.449327     1.8246     0.0325     0.1270    6.89126    34.7384     5.1256     74.508 0.0000e+00
    271.000     6.2523   3.448124     1.8291     0.0150     0.1350    6.89261    34.7321     5.1279     74.527 0.0000e+00
    270.000     6.1998   3.442300     1.8317     0.0314     0.1324    6.90165    34.7208     5.1403     74.610 0.0000e+00
    269.000     6.1766   3.439415     1.8366     0.0400     0.1287    6.90580    34.7126     5.1488     74.690 0.0000e+00
    268.000     6.1974   3.441173     1.8381     0.0191     0.1419    6.90245    34.7116     5.1096     74.157 0.0000e+00
    267.000     6.1853   3.439939     1.8358     0.0267     0.1382    6.90446    34.7106     5.0825     73.742 0.0000e+00
    266.000     6.2222   3.443439     1.8327     0.0336     0.1411    6.89837    34.7128     5.0550     73.407 0.0000e+00
    265.000     6.2622   3.447515     1.8298     0.0374     0.1433    6.89162    34.7181     5.0275     73.078 0.0000e+00
    264.000     6.3143   3.452845     1.8251     0.0373     0.1330    6.88286    34.7252     4.9927     72.664 0.0000e+00
    263.000     6.3886   3.460397     1.8185     0.0373     0.1298    6.87042    34.7344     4.9609     72.329 0.0000e+00
    262.000     6.4917   3.470962     1.8104     0.0305     0.1318    6.85320    34.7479     4.9321     72.088 0.0000e+00
    261.000     6.5708   3.479054     1.8056     0.0372     0.1262    6.84006    34.7581     4.9192     72.035 0.0000e+00
    260.000     6.6071   3.483321     1.8022     0.0319     0.1277    6.83375    34.7691     4.9136     72.018 0.0000e+00
    259.000     6.6246   3.485304     1.8004     0.0264     0.1322    6.83075    34.7739     4.9172     72.103 0.0000e+00
    258.000     6.6477   3.487288     1.7995     0.0263     0.1323    6.82710    34.7730     4.9255     72.263 0.0000e+00
    257.000     6.6465   3.487098     1.8015     0.0317     0.1341    6.82731    34.7726     4.9586     72.747 0.0000e+00
    256.000     6.6286   3.485148     1.8058     0.0179     0.1306    6.83029    34.7696     4.9881     73.148 0.0000e+00
    255.000     6.5826   3.479985     1.8118     0.0354     0.1261    6.83811    34.7595     5.0106     73.394 0.0000e+00
    254.000     6.5452   3.476170     1.8148     0.0390     0.1316    6.84427    34.7555     5.0260     73.555 0.0000e+00
    253.000     6.5099   3.472303     1.8181     0.0373     0.1360    6.85025    34.7489     5.0661     74.078 0.0000e+00
    252.000     6.4865   3.469463     1.8224     0.0329     0.1420    6.85433    34.7416     5.1055     74.610 0.0000e+00
    251.000     6.4676   3.467482     1.8292     0.0263     0.1475    6.85747    34.7391     5.1424     75.116 0.0000e+00
    250.000     6.4333   3.463464     1.8359     0.0316     0.1398    6.86342    34.7297     5.1731     75.500 0.0000e+00
    249.000     6.3871   3.458118     1.8462     0.0284     0.1328    6.87143    34.7176     5.2198     76.092 0.0000e+00
    248.000     6.2092   3.439351     1.8599     0.0505     0.1350    6.90153    34.6893     5.2804     76.646 0.0000e+00
    247.000     6.1563   3.433998     1.8690     0.0375     0.1353    6.91041    34.6836     5.2986     76.812 0.0000e+00
    246.000     6.0775   3.424408     1.8767     0.0443     0.1336    6.92450    34.6567     5.3161     76.911 0.0000e+00
    245.000     6.0570   3.422283     1.8810     0.0286     0.1335    6.92798    34.6543     5.3050     76.712 0.0000e+00
    244.000     6.0601   3.422362     1.8812     0.0457     0.1430    6.92754    34.6525     5.2728     76.251 0.0000e+00
    243.000     6.0731   3.423584     1.8787     0.0446     0.1275    6.92538    34.6535     5.2421     75.831 0.0000e+00
    242.000     6.0817   3.424450     1.8754     0.0333     0.1310    6.92389    34.6549     5.2445     75.881 0.0000e+00
    241.000     6.0901   3.425288     1.8753     0.0266     0.1439    6.92247    34.6564     5.2832     76.457 0.0000e+00
    240.000     6.1183   3.428165     1.8773     0.0263     0.1445    6.91767    34.6604     5.3337     77.241 0.0000e+00
    239.000     6.1472   3.430870     1.8836     0.0373     0.1445    6.91288    34.6618     5.3903     78.113 0.0000e+00
    238.000     6.1599   3.432048     1.8917     0.0373     0.1445    6.91077    34.6626     5.4188     78.550 0.0000e+00
    237.000     6.0736   3.422296     1.9016     0.0373     0.1382    6.92587    34.6414     5.4459     78.774 0.0000e+00
    236.000     5.7317   3.385486     1.9269     0.0422     0.1375    6.98518    34.5757     5.6037     80.378 0.0000e+00
    235.000     5.7132   3.383136     1.9406     0.0373     0.1384    6.98867    34.5684     5.6800     81.431 0.0000e+00
    234.000     5.6815   3.379758     1.9477     0.0428     0.1445    6.99420    34.5630     5.6983     81.630 0.0000e+00
    233.000     5.6544   3.376366     1.9531     0.0485     0.1445    6.99919    34.5527     5.7046     81.662 0.0000e+00
    232.000     5.5874   3.369252     1.9569     0.0483     0.1445    7.01092    34.5409     5.7139     81.660 0.0000e+00
    231.000     5.5061   3.360458     1.9602     0.0483     0.1456    7.02530    34.5245     5.7252     81.657 0.0000e+00
    230.000     5.3983   3.348800     1.9642     0.0542     0.1501    7.04447    34.5025     5.7435     81.698 0.0000e+00
    229.000     5.3647   3.345776     1.9672     0.0484     0.1446    7.05012    34.5030     5.7450     81.654 0.0000e+00
    228.000     5.3794   3.346833     1.9700     0.0483     0.1419    7.04775    34.5005     5.7445     81.675 0.0000e+00
    227.000     5.3929   3.348153     1.9724     0.0517     0.1386    7.04539    34.5023     5.7355     81.574 0.0000e+00
    226.000     5.3832   3.347053     1.9778     0.0439     0.1416    7.04713    34.5002     5.7736     82.095 0.0000e+00
    225.000     5.3792   3.346566     1.9897     0.0447     0.1380    7.04785    34.4992     5.8455     83.110 0.0000e+00
    224.000     5.3721   3.345684     1.9913     0.0372     0.1507    7.04915    34.4969     5.8285     82.854 0.0000e+00
    223.000     5.3306   3.340607     1.9926     0.0477     0.1487    7.05687    34.4820     5.8267     82.738 0.0000e+00
    222.000     5.2630   3.333462     1.9935     0.0483     0.1448    7.06888    34.4700     5.8295     82.638 0.0000e+00
    221.000     5.2221   3.329751     1.9939     0.0448     0.1445    7.07583    34.4700     5.8276     82.532 0.0000e+00
    220.000     5.2105   3.327944     1.9939     0.0370     0.1530    7.07819    34.4617     5.8238     82.451 0.0000e+00
    219.000     5.2224   3.329233     1.9939     0.0373     0.1570    7.07603    34.4648     5.8188     82.405 0.0000e+00
    218.000     5.2816   3.335310     1.9939     0.0395     0.1519    7.06554    34.4742     5.8033     82.305 0.0000e+00
    217.000     5.3232   3.339226     1.9928     0.0375     0.1393    7.05836    34.4768     5.7848     82.125 0.0000e+00
    216.000     5.3809   3.344982     1.9908     0.0357     0.1497    7.04827    34.4840     5.7348     81.531 0.0000e+00
    215.000     5.3933   3.346091     1.9875     0.0374     0.1390    7.04615    34.4844     5.7171     81.303 0.0000e+00
    214.000     5.4045   3.347216     1.9856     0.0373     0.1415    7.04418    34.4864     5.7090     81.210 0.0000e+00
    213.000     5.4274   3.349839     1.9831     0.0373     0.1470    7.03999    34.4934     5.6875     80.952 0.0000e+00
    212.000     5.4783   3.355224     1.9813     0.0373     0.1508    7.03096    34.5031     5.6646     80.729 0.0000e+00
    211.000     5.5601   3.363834     1.9781     0.0373     0.1407    7.01655    34.5179     5.6327     80.437 0.0000e+00
    210.000     5.6590   3.373482     1.9755     0.0449     0.1320    6.99959    34.5269     5.6067     80.256 0.0000e+00
