tests/test1_good/PLA19E001.cnv
* Sea-Bird SBE25 Data File:
* FileName = D:\Campañas NAFO\Platuxa19\PLA19E001.hex
* Software Version 1.59
* Temperature SN = 5117
* Conductivity SN = 3687
* System UpLoad Time = Jun 08 2019 13:26:53
** Ship: Vizconde de Eza
** Cruise: PLATUXA19
** Station:PLA19E001
** Haul:1
** Latitude:4312304
** Longitude:-4916777
** Date:08/06/2019
** Time UTC:12:38
** Depth:1170
# nquan = 11
# nvalues = 2279                        
# units = specified
# name 0 = prSM: Pressure, Strain Gauge [db]
# name 1 = t090C: Temperature [ITS-90, deg C]
# name 2 = c0S/m: Conductivity [S/m]
# name 3 = sbeox0V: Oxygen raw, SBE 43 [V]
# name 4 = flECO-AFL: Fluorescence, WET Labs ECO-AFL/FL [mg/m^3]
# name 5 = turbWETntu0: Turbidity, WET Labs ECO [NTU]
# name 6 = oxsatML/L: Oxygen Saturation, Weiss [ml/l]
# name 7 = sal00: Salinity, Practical [PSU]
# name 8 = sbeox0ML/L: Oxygen, SBE 43 [ml/l], WS = 2
# name 9 = sbeox0PS: Oxygen, SBE 43 [% saturation], WS = 2
# name 10 = flag: flag
# span 0 =      1.000,   1140.000       
# span 1 =    -0.2973,     9.2273       
# span 2 =   2.737783,   3.753408       
# span 3 =     1.6369,     2.6972       
# span 4 =    -0.0205,     3.5590       
# span 5 =     0.0862,     0.2118       
# span 6 =    6.42451,    8.21410       
# span 7 =    32.8086,    35.0815       
# span 8 =     4.1277,     9.8839       
# span 9 =     63.318,    121.672       
# span 10 = 0.0000e+00, 0.0000e+00      
# interval = decibars: 1                
# start_time = Jun 08 2019 12:35:02 [Instrument's time stamp, header]
# bad_flag = -9.990e-29
*END*
[from data line 394]
    395.000     5.6024   3.406024     1.8564     0.0147     0.1076    6.99372    34.8608     5.3637     76.847 0.0000e+00
    396.000     5.5912   3.405071     1.8571     0.0173     0.1290    6.99558    34.8610     5.3642     76.833 0.0000e+00
    397.000     5.5823   3.404308     1.8589     0.0277     0.1260    6.99707    34.8610     5.3822     77.074 0.0000e+00
    398.000     5.5596   3.402226     1.8626     0.0315     0.1195    7.00089    34.8602     5.4144     77.494 0.0000e+00
    399.000     5.5495   3.401364     1.8644     0.0241     0.1262    7.00258    34.8604     5.4172     77.517 0.0000e+00
    400.000     5.5422   3.400631     1.8653     0.0152     0.1262    7.00385    34.8590     5.4228     77.583 0.0000e+00
    401.000     5.5164   3.398242     1.8665     0.0153     0.1262    7.00823    34.8580     5.4342     77.697 0.0000e+00
    402.000     5.5029   3.397304     1.8682     0.0153     0.1184    7.01036    34.8607     5.4412     77.774 0.0000e+00
    403.000     5.4870   3.395963     1.8691     0.0153     0.1138    7.01299    34.8613     5.4430     77.771 0.0000e+00
    404.000     5.4736   3.394858     1.8703     0.0108     0.1214    7.01520    34.8621     5.4464     77.795 0.0000e+00
    405.000     5.4553   3.393482     1.8714     0.0139     0.1208    7.01815    34.8648     5.4542     77.875 0.0000e+00
    406.000     5.4445   3.392643     1.8733     0.0173     0.1261    7.01991    34.8659     5.4632     77.984 0.0000e+00
    407.000     5.4399   3.392290     1.8753     0.0252     0.1274    7.02067    34.8661     5.4702     78.076 0.0000e+00
    408.000     5.4280   3.391349     1.8763     0.0216     0.1115    7.02262    34.8672     5.4723     78.085 0.0000e+00
    409.000     5.4141   3.390287     1.8772     0.0181     0.1200    7.02488    34.8689     5.4795     78.163 0.0000e+00
    410.000     5.4110   3.389995     1.8783     0.0154     0.1319    7.02543    34.8683     5.4894     78.297 0.0000e+00
    411.000     5.4051   3.389560     1.8792     0.0237     0.1286    7.02639    34.8689     5.4889     78.280 0.0000e+00
    412.000     5.3973   3.388841     1.8793     0.0262     0.1145    7.02773    34.8682     5.4908     78.292 0.0000e+00
    413.000     5.3787   3.387289     1.8803     0.0485     0.1140    7.03082    34.8693     5.4987     78.371 0.0000e+00
    414.000     5.3704   3.386733     1.8806     0.0380     0.1263    7.03213    34.8710     5.4968     78.330 0.0000e+00
    415.000     5.3634   3.386106     1.8813     0.0153     0.1201    7.03334    34.8706     5.5060     78.447 0.0000e+00
    416.000     5.3562   3.385495     1.8824     0.0207     0.1321    7.03455    34.8705     5.5168     78.588 0.0000e+00
    417.000     5.3465   3.384590     1.8850     0.0208     0.1175    7.03623    34.8697     5.5330     78.800 0.0000e+00
    418.000     5.3233   3.382506     1.8870     0.0288     0.1316    7.04016    34.8694     5.5432     78.901 0.0000e+00
    419.000     5.3119   3.381476     1.8882     0.0147     0.1291    7.04210    34.8689     5.5484     78.955 0.0000e+00
    420.000     5.2917   3.379544     1.8895     0.0153     0.1198    7.04559    34.8672     5.5589     79.065 0.0000e+00
    421.000     5.2777   3.378410     1.8905     0.0153     0.1319    7.04791    34.8682     5.5625     79.091 0.0000e+00
    422.000     5.2754   3.378251     1.8916     0.0153     0.1234    7.04830    34.8683     5.5654     79.127 0.0000e+00
    423.000     5.2730   3.378016     1.8923     0.0153     0.1184    7.04874    34.8676     5.5670     79.145 0.0000e+00
    424.000     5.2634   3.377055     1.8928     0.0199     0.1149    7.05043    34.8660     5.5663     79.117 0.0000e+00
    425.000     5.2426   3.375270     1.8934     0.0334     0.1214    7.05392    34.8665     5.5769     79.230 0.0000e+00
    426.000     5.2406   3.375127     1.8942     0.0230     0.1266    7.05428    34.8665     5.5793     79.259 0.0000e+00
    427.000     5.2357   3.374655     1.8973     0.0152     0.1298    7.05514    34.8657     5.6255     79.906 0.0000e+00
    428.000     5.2286   3.373957     1.9024     0.0153     0.1239    7.05639    34.8645     5.6672     80.485 0.0000e+00
    429.000     5.1998   3.370982     1.9066     0.0153     0.1148    7.06151    34.8598     5.6988     80.876 0.0000e+00
    430.000     5.1745   3.368607     1.9113     0.0153     0.1155    7.06587    34.8582     5.7099     80.984 0.0000e+00
    431.000     5.1384   3.364499     1.9133     0.0177     0.1244    7.07249    34.8480     5.7097     80.906 0.0000e+00
    432.000     5.0617   3.357894     1.9156     0.0363     0.1263    7.08540    34.8512     5.7256     80.985 0.0000e+00
    433.000     5.0313   3.354924     1.9184     0.0318     0.1139    7.09074    34.8480     5.7345     81.052 0.0000e+00
    434.000     5.0043   3.352448     1.9209     0.0263     0.1140    7.09540    34.8470     5.7309     80.948 0.0000e+00
    435.000     4.9876   3.350752     1.9232     0.0155     0.1246    7.09839    34.8443     5.7639     81.380 0.0000e+00
    436.000     4.9632   3.348353     1.9332     0.0233     0.1218    7.10270    34.8415     5.8645     82.751 0.0000e+00
    437.000     4.9391   3.345746     1.9451     0.0151     0.1201    7.10710    34.8360     5.9387     83.747 0.0000e+00
    438.000     4.8664   3.337935     1.9530     0.0153     0.1251    7.12031    34.8208     5.9814     84.195 0.0000e+00
    439.000     4.7435   3.326230     1.9587     0.0176     0.1288    7.14191    34.8129     6.0096     84.340 0.0000e+00
    440.000     4.7116   3.323842     1.9637     0.0263     0.1323    7.14719    34.8178     6.0233     84.471 0.0000e+00
    441.000     4.6902   3.321543     1.9681     0.0538     0.1323    7.15113    34.8129     6.0315     84.540 0.0000e+00
    442.000     4.6275   3.314904     1.9717     0.0700     0.1347    7.16260    34.8007     6.0424     84.559 0.0000e+00
    443.000     4.5771   3.310754     1.9757     0.0302     0.1265    7.17121    34.8046     6.0612     84.722 0.0000e+00
    444.000     4.5383   3.307067     1.9864     0.0208     0.1252    7.17812    34.8017     6.1028     85.222 0.0000e+00
    445.000     4.5061   3.303845     1.9938     0.0265     0.1199    7.18395    34.7972     6.1209     85.407 0.0000e+00
    446.000     4.4943   3.302828     1.9955     0.0263     0.1141    7.18602    34.7972     6.1246     85.434 0.0000e+00
    447.000     4.4855   3.302002     1.9970     0.0263     0.1092    7.18761    34.7962     6.1237     85.403 0.0000e+00
    448.000     4.4782   3.301269     1.9975     0.0263     0.1043    7.18895    34.7948     6.1206     85.345 0.0000e+00
    449.000     4.4667   3.300294     1.9981     0.0263     0.1065    7.19095    34.7949     6.1277     85.420 0.0000e+00
    450.000     4.4597   3.299717     1.9989     0.0263     0.1143    7.19219    34.7950     6.1304     85.443 0.0000e+00
    451.000     4.4560   3.299451     2.0000     0.0224     0.1312    7.19282    34.7952     6.1361     85.514 0.0000e+00
    452.000     4.4548   3.299375     2.0021     0.0146     0.1297    7.19304    34.7950     6.1374     85.532 0.0000e+00
    453.000     4.4501   3.298907     2.0019     0.0153     0.1242    7.19392    34.7940     6.1270     85.375 0.0000e+00
    454.000     4.4459   3.298626     2.0006     0.0200     0.1211    7.19462    34.7945     6.1226     85.305 0.0000e+00
    455.000     4.4446   3.298655     2.0007     0.0267     0.1316    7.19479    34.7957     6.1309     85.419 0.0000e+00
    456.000     4.4483   3.299032     2.0007     0.0355     0.1324    7.19415    34.7958     6.1307     85.424 0.0000e+00
    457.000     4.4509   3.299315     2.0004     0.0342     0.1288    7.19369    34.7959     6.1228     85.320 0.0000e+00
    458.000     4.4529   3.299609     1.9995     0.0201     0.1262    7.19330    34.7967     6.1293     85.415 0.0000e+00
    459.000     4.4547   3.299916     2.0005     0.0373     0.1225    7.19292    34.7978     6.1434     85.616 0.0000e+00
    460.000     4.4538   3.299855     2.0021     0.0209     0.1200    7.19310    34.7976     6.1549     85.774 0.0000e+00
    461.000     4.4359   3.298277     2.0031     0.0249     0.1207    7.19624    34.7973     6.1568     85.764 0.0000e+00
    462.000     4.4355   3.298483     2.0039     0.0156     0.1261    7.19621    34.7997     6.1585     85.787 0.0000e+00
    463.000     4.4400   3.299027     2.0037     0.0246     0.1262    7.19537    34.8008     6.1445     85.602 0.0000e+00
    464.000     4.4413   3.299190     2.0032     0.0262     0.1250    7.19514    34.8008     6.1512     85.699 0.0000e+00
    465.000     4.4429   3.299518     2.0038     0.0298     0.1194    7.19478    34.8025     6.1582     85.800 0.0000e+00
    466.000     4.4431   3.299621     2.0038     0.0386     0.1143    7.19472    34.8029     6.1481     85.660 0.0000e+00
    467.000     4.4438   3.299800     2.0028     0.0468     0.1245    7.19455    34.8037     6.1392     85.539 0.0000e+00
    468.000     4.4479   3.300312     2.0022     0.0249     0.1224    7.19378    34.8049     6.1451     85.629 0.0000e+00
    469.000     4.4504   3.300661     2.0020     0.0321     0.1337    7.19330    34.8059     6.1473     85.665 0.0000e+00
    470.000     4.4511   3.300834     2.0021     0.0149     0.1235    7.19314    34.8066     6.1562     85.791 0.0000e+00
    471.000     4.4512   3.300935     2.0032     0.0251     0.1317    7.19309    34.8071     6.1650     85.915 0.0000e+00
    472.000     4.4532   3.301510     2.0041     0.0378     0.1287    7.19255    34.8113     6.1708     86.002 0.0000e+00
    473.000     4.4486   3.301564     2.0050     0.0290     0.1196    7.19312    34.8163     6.1698     85.981 0.0000e+00
    474.000     4.4471   3.301565     2.0052     0.0360     0.1216    7.19333    34.8173     6.1766     86.074 0.0000e+00
    475.000     4.4434   3.301272     2.0065     0.0161     0.1260    7.19399    34.8173     6.1821     86.142 0.0000e+00
    476.000     4.4374   3.300736     2.0069     0.0199     0.1219    7.19506    34.8168     6.1885     86.219 0.0000e+00
    477.000     4.4200   3.299172     2.0088     0.0397     0.1242    7.19814    34.8161     6.2114     86.502 0.0000e+00
    478.000     4.4049   3.297721     2.0114     0.0245     0.1262    7.20087    34.8145     6.2265     86.680 0.0000e+00
    479.000     4.3901   3.296225     2.0146     0.0153     0.1256    7.20359    34.8120     6.2370     86.793 0.0000e+00
    480.000     4.3604   3.293400     2.0160     0.0169     0.1200    7.20893    34.8095     6.2431     86.815 0.0000e+00
    481.000     4.3458   3.292004     2.0172     0.0259     0.1268    7.21157    34.8079     6.2501     86.881 0.0000e+00
    482.000     4.3382   3.291414     2.0183     0.0471     0.1324    7.21289    34.8085     6.2633     87.049 0.0000e+00
    483.000     4.3352   3.291186     2.0202     0.0405     0.1323    7.21343    34.8085     6.2774     87.239 0.0000e+00
    484.000     4.3292   3.290665     2.0225     0.0372     0.1266    7.21450    34.8081     6.2848     87.329 0.0000e+00
    485.000     4.3064   3.288445     2.0245     0.0294     0.1262    7.21864    34.8055     6.2924     87.384 0.0000e+00
    486.000     4.2906   3.286973     2.0260     0.0149     0.1262    7.22149    34.8043     6.3064     87.546 0.0000e+00
    487.000     4.2727   3.285240     2.0279     0.0233     0.1209    7.22475    34.8023     6.3245     87.758 0.0000e+00
    488.000     4.2615   3.284265     2.0301     0.0291     0.1185    7.22674    34.8020     6.3413     87.966 0.0000e+00
    489.000     4.2535   3.283328     2.0327     0.0353     0.1175    7.22831    34.7989     6.3488     88.052 0.0000e+00
    490.000     4.2291   3.281103     2.0346     0.0166     0.1328    7.23267    34.7979     6.3502     88.018 0.0000e+00
    491.000     4.2135   3.279732     2.0363     0.0230     0.1128    7.23544    34.7976     6.3569     88.079 0.0000e+00
    492.000     4.1991   3.278284     2.0376     0.0184     0.1202    7.23811    34.7952     6.3589     88.075 0.0000e+00
    493.000     4.1918   3.277689     2.0376     0.0261     0.1261    7.23940    34.7954     6.3581     88.047 0.0000e+00
    494.000     4.1889   3.277461     2.0384     0.0152     0.1088    7.23992    34.7952     6.3701     88.208 0.0000e+00
    495.000     4.1852   3.277131     2.0395     0.0153     0.1159    7.24060    34.7947     6.3746     88.261 0.0000e+00
    496.000     4.1806   3.276705     2.0407     0.0327     0.1179    7.24145    34.7939     6.3837     88.378 0.0000e+00
    497.000     4.1682   3.275484     2.0423     0.0196     0.1306    7.24374    34.7922     6.3993     88.566 0.0000e+00
    498.000     4.1594   3.274702     2.0442     0.0225     0.1206    7.24533    34.7917     6.4203     88.838 0.0000e+00
    499.000     4.1452   3.273380     2.0464     0.0152     0.1262    7.24791    34.7905     6.4393     89.069 0.0000e+00
    500.000     4.1325   3.272206     2.0494     0.0153     0.1291    7.25021    34.7895     6.4551     89.260 0.0000e+00
    501.000     4.1102   3.269994     2.0519     0.0153     0.1326    7.25433    34.7864     6.4726     89.452 0.0000e+00
    502.000     4.0917   3.268335     2.0543     0.0169     0.1254    7.25765    34.7858     6.4754     89.449 0.0000e+00
    503.000     4.0681   3.266331     2.0558     0.0255     0.1205    7.26182    34.7864     6.4806     89.472 0.0000e+00
    504.000     4.0551   3.265319     2.0578     0.0339     0.1201    7.26409    34.7877     6.4799     89.434 0.0000e+00
    505.000     4.0622   3.266188     2.0596     0.0334     0.1241    7.26271    34.7900     6.4750     89.384 0.0000e+00
    506.000     4.0690   3.266939     2.0586     0.0310     0.1375    7.26144    34.7911     6.4583     89.168 0.0000e+00
    507.000     4.0713   3.267228     2.0584     0.0181     0.1232    7.26101    34.7916     6.4636     89.246 0.0000e+00
    508.000     4.0759   3.267887     2.0584     0.0152     0.1138    7.26006    34.7939     6.4577     89.177 0.0000e+00
    509.000     4.0848   3.268824     2.0572     0.0153     0.1171    7.25843    34.7952     6.4402     88.954 0.0000e+00
    510.000     4.1027   3.270676     2.0554     0.0153     0.1276    7.25512    34.7976     6.4299     88.852 0.0000e+00
    511.000     4.1107   3.271585     2.0540     0.0251     0.1324    7.25361    34.7994     6.4274     88.836 0.0000e+00
    512.000     4.1305   3.273779     2.0523     0.0193     0.1268    7.24987    34.8039     6.4193     88.768 0.0000e+00
    513.000     4.1504   3.275710     2.0513     0.0284     0.1171    7.24628    34.8052     6.4224     88.855 0.0000e+00
    514.000     4.1559   3.276322     2.0512     0.0317     0.1146    7.24525    34.8060     6.4333     89.019 0.0000e+00
    515.000     4.1644   3.277298     2.0509     0.0460     0.1261    7.24366    34.8081     6.3937     88.490 0.0000e+00
    516.000     4.1664   3.277537     2.0458     0.0242     0.1235    7.24329    34.8083     6.3364     87.700 0.0000e+00
    517.000     4.1669   3.277657     2.0407     0.0155     0.1253    7.24318    34.8086     6.3198     87.473 0.0000e+00
    518.000     4.1915   3.280687     2.0366     0.0153     0.1141    7.23837    34.8179     6.3245     87.594 0.0000e+00
    519.000     4.2851   3.290759     2.0349     0.0223     0.1148    7.22089    34.8373     6.3207     87.752 0.0000e+00
    520.000     4.3532   3.297254     2.0321     0.0264     0.1202    7.20868    34.8414     6.2818     87.357 0.0000e+00
    521.000     4.3384   3.295717     2.0276     0.0193     0.1263    7.21143    34.8385     6.2650     87.090 0.0000e+00
    522.000     4.3057   3.292936     2.0249     0.0153     0.1262    7.21713    34.8396     6.2705     87.099 0.0000e+00
    523.000     4.3509   3.298090     2.0224     0.0153     0.1239    7.20858    34.8521     6.2380     86.749 0.0000e+00
    524.000     4.4138   3.304149     2.0159     0.0206     0.1167    7.19732    34.8565     6.1626     85.833 0.0000e+00
