tests/test1_good/PLA19E001.cnv
* Sea-Bird SBE25 Data File:
* FileName = D:\Campañas NAFO\Platuxa19\PLA19E001.hex
* Software Version 1.59
* Temperature SN = 5117
* Conductivity SN = 3687
* System UpLoad Time = Jun 08 2019 13:26:53
** Ship: Vizconde de Eza
** Cruise: PLATUXA19
** Station:PLA19E001
** Haul:1
** Latitude:4312304
** Longitude:-4916777
** Date:08/06/2019
** Time UTC:12:38
** Depth:1170
# nquan = 11
# nvalues = 2279                        
# units = specified
# name 0 = prSM: Pressure, Strain Gauge [db]
# name 1 = t090C: Temperature [ITS-90, deg C]
# name 2 = c0S/m: Conductivity [S/m]
# name 3 = sbeox0V: Oxygen raw, SBE 43 [V]
# name 4 = flECO-AFL: Fluorescence, WET Labs ECO-AFL/FL [mg/m^3]
# name 5 = turbWETntu0: Turbidity, WET Labs ECO [NTU]
# name 6 = oxsatML/L: Oxygen Saturation, Weiss [ml/l]
# name 7 = sal00: Salinity, Practical [PSU]
# name 8 = sbeox0ML/L: Oxygen, SBE 43 [ml/l], WS = 2
# name 9 = sbeox0PS: Oxygen, SBE 43 [% saturation], WS = 2
# name 10 = flag: flag
# span 0 =      1.000,   1140.000       
# span 1 =    -0.2973,     9.2273       
# span 2 =   2.737783,   3.753408       
# span 3 =     1.6369,     2.6972       
# span 4 =    -0.0205,     3.5590       
# span 5 =     0.0862,     0.2118       
# span 6 =    6.42451,    8.21410       
# span 7 =    32.8086,    35.0815       
# span 8 =     4.1277,     9.8839       
# span 9 =     63.318,    121.672       
# span 10 = 0.0000e+00, 0.0000e+00      
# interval = decibars: 1                
# start_time = Jun 08 2019 12:35:02 [Instrument's time stamp, header]
# bad_flag = -9.990e-29
*END*
[from data line 263]
    264.000     8.5179   3.686077     1.6538     0.0263     0.1266    6.52823    35.0491     4.1965     64.348 0.0000e+00
    265.000     8.5125   3.685582     1.6538     0.0362     0.1269    6.52904    35.0487     4.2048     64.467 0.0000e+00
    266.000     8.5065   3.684988     1.6550     0.0373     0.1302    6.52995    35.0479     4.2114     64.560 0.0000e+00
    267.000     8.4970   3.683938     1.6550     0.0293     0.1377    6.53144    35.0457     4.2085     64.499 0.0000e+00
    268.000     8.4550   3.679658     1.6552     0.0263     0.1280    6.53783    35.0416     4.2123     64.496 0.0000e+00
    269.000     8.4207   3.676223     1.6550     0.0282     0.1282    6.54302    35.0386     4.2156     64.496 0.0000e+00
    270.000     8.3883   3.673196     1.6552     0.0263     0.1262    6.54784    35.0381     4.2174     64.476 0.0000e+00
    271.000     8.3588   3.670281     1.6543     0.0263     0.1303    6.55231    35.0360     4.2098     64.317 0.0000e+00
    272.000     8.3400   3.668576     1.6528     0.0263     0.1386    6.55509    35.0361     4.2112     64.312 0.0000e+00
    273.000     8.3119   3.665668     1.6530     0.0263     0.1545    6.55941    35.0326     4.2286     64.536 0.0000e+00
    274.000     8.2856   3.663178     1.6538     0.0263     0.1444    6.56336    35.0317     4.2330     64.564 0.0000e+00
    275.000     8.2206   3.656587     1.6547     0.0263     0.1278    6.57331    35.0257     4.2467     64.676 0.0000e+00
    276.000     8.1344   3.648528     1.6559     0.0263     0.1328    6.58623    35.0250     4.2611     64.770 0.0000e+00
    277.000     8.0786   3.643161     1.6576     0.0263     0.1323    6.59468    35.0227     4.2784     64.951 0.0000e+00
    278.000     8.0397   3.639352     1.6597     0.0344     0.1218    6.60063    35.0203     4.2835     64.971 0.0000e+00
    279.000     8.0034   3.635750     1.6602     0.0291     0.1216    6.60622    35.0174     4.2875     64.977 0.0000e+00
    280.000     7.9764   3.633198     1.6614     0.0321     0.1258    6.61033    35.0165     4.2992     65.114 0.0000e+00
    281.000     7.9469   3.630259     1.6631     0.0375     0.1325    6.61488    35.0140     4.3097     65.229 0.0000e+00
    282.000     7.9312   3.628714     1.6645     0.0325     0.1305    6.61732    35.0126     4.3154     65.292 0.0000e+00
    283.000     7.9077   3.626283     1.6655     0.0278     0.1261    6.62099    35.0094     4.3225     65.364 0.0000e+00
    284.000     7.8849   3.623987     1.6667     0.0373     0.1242    6.62455    35.0071     4.3281     65.414 0.0000e+00
    285.000     7.8542   3.620881     1.6673     0.0308     0.1202    6.62934    35.0039     4.3302     65.399 0.0000e+00
    286.000     7.8270   3.618294     1.6677     0.0246     0.1219    6.63350    35.0027     4.3353     65.435 0.0000e+00
    287.000     7.8098   3.616798     1.6684     0.0252     0.1259    6.63609    35.0034     4.3324     65.366 0.0000e+00
    288.000     7.7989   3.615723     1.6677     0.0263     0.1280    6.63780    35.0023     4.3338     65.372 0.0000e+00
    289.000     7.7817   3.614012     1.6679     0.0308     0.1294    6.64048    35.0006     4.3311     65.305 0.0000e+00
    290.000     7.7769   3.613547     1.6680     0.0176     0.1306    6.64124    34.9999     4.3466     65.531 0.0000e+00
    291.000     7.7636   3.612035     1.6691     0.0153     0.1353    6.64341    34.9963     4.3647     65.782 0.0000e+00
    292.000     7.7331   3.608840     1.6715     0.0174     0.1313    6.64824    34.9920     4.3820     65.995 0.0000e+00
    293.000     7.7051   3.606351     1.6733     0.0189     0.1303    6.65248    34.9926     4.3876     66.038 0.0000e+00
    294.000     7.6855   3.604339     1.6749     0.0261     0.1303    6.65559    34.9902     4.3978     66.161 0.0000e+00
    295.000     7.6345   3.599020     1.6786     0.0263     0.1262    6.66367    34.9832     4.4360     66.656 0.0000e+00
    296.000     7.5558   3.591426     1.6858     0.0295     0.1244    6.67588    34.9795     4.4815     67.219 0.0000e+00
    297.000     7.4849   3.583888     1.6930     0.0375     0.1175    6.68727    34.9685     4.5053     67.462 0.0000e+00
    298.000     7.3475   3.570344     1.6981     0.0282     0.1274    6.70890    34.9590     4.5256     67.550 0.0000e+00
    299.000     7.2897   3.564800     1.7019     0.0263     0.1293    6.71797    34.9563     4.5453     67.754 0.0000e+00
    300.000     7.2848   3.564214     1.7044     0.0248     0.1322    6.71881    34.9543     4.5506     67.824 0.0000e+00
    301.000     7.2607   3.561501     1.7066     0.0279     0.1236    6.72280    34.9485     4.5611     67.941 0.0000e+00
    302.000     7.2201   3.557887     1.7084     0.0307     0.1201    6.72908    34.9495     4.5694     68.002 0.0000e+00
    303.000     7.1940   3.555171     1.7098     0.0261     0.1286    6.73332    34.9457     4.5721     68.001 0.0000e+00
    304.000     7.1759   3.553835     1.7108     0.0263     0.1271    6.73600    34.9488     4.5743     68.006 0.0000e+00
    305.000     7.1711   3.553276     1.7119     0.0241     0.1304    6.73682    34.9470     4.5722     67.968 0.0000e+00
    306.000     7.1552   3.551795     1.7113     0.0192     0.1298    6.73933    34.9464     4.5626     67.800 0.0000e+00
    307.000     7.1552   3.551814     1.7104     0.0232     0.1189    6.73934    34.9461     4.5727     67.949 0.0000e+00
    308.000     7.1574   3.552072     1.7121     0.0313     0.1363    6.73899    34.9462     4.5867     68.161 0.0000e+00
    309.000     7.1589   3.552264     1.7132     0.0300     0.1403    6.73876    34.9463     4.5894     68.203 0.0000e+00
    310.000     7.1548   3.551748     1.7142     0.0247     0.1355    6.73949    34.9443     4.5926     68.243 0.0000e+00
    311.000     7.1055   3.546212     1.7150     0.0262     0.1305    6.74768    34.9330     4.5983     68.246 0.0000e+00
    312.000     7.0799   3.544061     1.7154     0.0244     0.1261    6.75162    34.9348     4.6085     68.358 0.0000e+00
    313.000     7.0550   3.541641     1.7171     0.0170     0.1262    6.75560    34.9329     4.6247     68.559 0.0000e+00
    314.000     7.0348   3.539791     1.7188     0.0255     0.1297    6.75878    34.9325     4.6283     68.580 0.0000e+00
    315.000     7.0207   3.538514     1.7195     0.0178     0.1317    6.76100    34.9322     4.6140     68.347 0.0000e+00
    316.000     7.0129   3.537801     1.7172     0.0196     0.1274    6.76225    34.9319     4.5985     68.105 0.0000e+00
    317.000     7.0218   3.538722     1.7154     0.0327     0.1235    6.76082    34.9324     4.5957     68.078 0.0000e+00
    318.000     7.0524   3.542792     1.7151     0.0437     0.1381    6.75545    34.9457     4.6001     68.196 0.0000e+00
    319.000     7.0772   3.544739     1.7151     0.0372     0.1199    6.75174    34.9415     4.6060     68.320 0.0000e+00
    320.000     7.0312   3.540535     1.7163     0.0373     0.1188    6.75896    34.9414     4.6226     68.495 0.0000e+00
    321.000     7.0289   3.540520     1.7175     0.0320     0.1223    6.75924    34.9431     4.6287     68.582 0.0000e+00
    322.000     7.0172   3.539151     1.7187     0.0318     0.1262    6.76124    34.9393     4.6302     68.585 0.0000e+00
    323.000     6.9676   3.534346     1.7197     0.0324     0.1295    6.76917    34.9362     4.6279     68.471 0.0000e+00
    324.000     6.9469   3.532522     1.7183     0.0218     0.1285    6.77242    34.9367     4.6138     68.230 0.0000e+00
    325.000     6.9528   3.533277     1.7160     0.0251     0.1208    6.77140    34.9385     4.6055     68.118 0.0000e+00
    326.000     6.9628   3.534479     1.7151     0.0167     0.1308    6.76972    34.9411     4.6122     68.234 0.0000e+00
    327.000     6.9887   3.537815     1.7151     0.0261     0.1442    6.76521    34.9511     4.6123     68.280 0.0000e+00
    328.000     6.9997   3.539216     1.7151     0.0263     0.1376    6.76331    34.9548     4.6165     68.360 0.0000e+00
    329.000     6.9840   3.537646     1.7159     0.0263     0.1264    6.76586    34.9530     4.6245     68.454 0.0000e+00
    330.000     6.9575   3.535222     1.7165     0.0263     0.1311    6.77004    34.9527     4.6322     68.527 0.0000e+00
    331.000     6.9537   3.534946     1.7185     0.0318     0.1300    6.77062    34.9530     4.6425     68.673 0.0000e+00
    332.000     6.9498   3.534536     1.7188     0.0187     0.1468    6.77128    34.9519     4.6373     68.589 0.0000e+00
    333.000     6.9293   3.532374     1.7194     0.0172     0.1456    6.77467    34.9485     4.6460     68.684 0.0000e+00
    334.000     6.9132   3.531147     1.7200     0.0167     0.1356    6.77710    34.9507     4.6457     68.655 0.0000e+00
    335.000     6.9055   3.530635     1.7200     0.0154     0.1252    6.77825    34.9525     4.6489     68.691 0.0000e+00
    336.000     6.9017   3.530393     1.7211     0.0262     0.1208    6.77882    34.9531     4.6584     68.827 0.0000e+00
    337.000     6.8942   3.529871     1.7220     0.0330     0.1183    6.77994    34.9545     4.6609     68.852 0.0000e+00
    338.000     6.8875   3.529356     1.7217     0.0222     0.1254    6.78096    34.9551     4.6499     68.679 0.0000e+00
    339.000     6.8825   3.528995     1.7212     0.0178     0.1271    6.78172    34.9557     4.6550     68.747 0.0000e+00
    340.000     6.8815   3.528934     1.7215     0.0266     0.1262    6.78189    34.9556     4.6745     69.033 0.0000e+00
    341.000     6.8764   3.528397     1.7237     0.0287     0.1262    6.78275    34.9543     4.7104     69.555 0.0000e+00
    342.000     6.8696   3.527959     1.7276     0.0374     0.0862    6.78376    34.9559     4.7465     70.077 0.0000e+00
    343.000     6.8614   3.526973     1.7326     0.0332     0.0951    6.78518    34.9528     4.7714     70.430 0.0000e+00
    344.000     6.8300   3.523870     1.7373     0.0158     0.1171    6.79028    34.9500     4.7817     70.530 0.0000e+00
    345.000     6.8002   3.520840     1.7413     0.0169     0.1220    6.79517    34.9463     4.7860     70.543 0.0000e+00
    346.000     6.6223   3.503195     1.7458     0.0186     0.1260    6.82413    34.9314     4.8136     70.654 0.0000e+00
    347.000     6.5900   3.500302     1.7513     0.0348     0.1196    6.82926    34.9317     4.8199     70.693 0.0000e+00
    348.000     6.5858   3.499870     1.7532     0.0259     0.1201    6.82998    34.9307     4.8229     70.731 0.0000e+00
    349.000     6.5847   3.499828     1.7538     0.0149     0.1289    6.83015    34.9309     4.8297     70.828 0.0000e+00
    350.000     6.5840   3.499778     1.7548     0.0175     0.1385    6.83027    34.9305     4.8394     70.969 0.0000e+00
    351.000     6.5729   3.498774     1.7567     0.0021     0.1360    6.83207    34.9302     4.8439     71.016 0.0000e+00
    352.000     6.5652   3.497934     1.7567    -0.0205     0.1284    6.83338    34.9281     4.8475     71.055 0.0000e+00
    353.000     6.5311   3.494469     1.7590     0.0058     0.1236    6.83904    34.9239     4.8798     71.470 0.0000e+00
    354.000     6.4971   3.491175     1.7636     0.0100     0.1297    6.84459    34.9214     4.9196     71.996 0.0000e+00
    355.000     6.4517   3.486547     1.7716     0.0143     0.1273    6.85215    34.9158     4.9573     72.469 0.0000e+00
    356.000     6.3184   3.473174     1.7794     0.0179     0.1219    6.87425    34.9021     4.9858     72.655 0.0000e+00
    357.000     6.2467   3.466236     1.7834     0.0153     0.1207    6.88608    34.8974     4.9895     72.586 0.0000e+00
    358.000     6.2367   3.465262     1.7849     0.0153     0.1211    6.88775    34.8962     5.0027     72.760 0.0000e+00
    359.000     6.2331   3.464915     1.7878     0.0153     0.1201    6.88838    34.8955     5.0215     73.027 0.0000e+00
    360.000     6.2154   3.463168     1.7913     0.0153     0.1201    6.89133    34.8935     5.0380     73.236 0.0000e+00
    361.000     6.2090   3.462626     1.7940     0.0153     0.1201    6.89238    34.8935     5.0505     73.407 0.0000e+00
    362.000     6.1844   3.459543     1.7961     0.0248     0.1135    6.89682    34.8837     5.0534     73.402 0.0000e+00
    363.000     6.1391   3.455447     1.7972     0.0263     0.1140    6.90419    34.8835     5.0565     73.371 0.0000e+00
    364.000     6.1184   3.453549     1.7979     0.0387     0.1209    6.90760    34.8830     5.0618     73.412 0.0000e+00
    365.000     6.0956   3.451503     1.7994     0.0572     0.1260    6.91133    34.8829     5.0713     73.510 0.0000e+00
    366.000     6.0886   3.450920     1.8008     0.0205     0.1262    6.91247    34.8830     5.0708     73.491 0.0000e+00
    367.000     6.0816   3.450252     1.8016     0.0152     0.1262    6.91365    34.8821     5.0674     73.430 0.0000e+00
    368.000     6.0763   3.449806     1.8025     0.0231     0.1244    6.91452    34.8821     5.0883     73.722 0.0000e+00
    369.000     6.0732   3.449525     1.8057     0.0264     0.1173    6.91505    34.8816     5.1176     74.142 0.0000e+00
    370.000     6.0656   3.448777     1.8087     0.0263     0.1223    6.91634    34.8805     5.1301     74.309 0.0000e+00
    371.000     6.0503   3.447051     1.8112     0.0139     0.1405    6.91903    34.8761     5.1514     74.590 0.0000e+00
    372.000     6.0220   3.444307     1.8137     0.0153     0.1219    6.92377    34.8739     5.1683     74.783 0.0000e+00
    373.000     5.9845   3.440291     1.8163     0.0181     0.1137    6.93025    34.8666     5.1803     74.888 0.0000e+00
    374.000     5.9486   3.437412     1.8184     0.0175     0.1114    6.93597    34.8705     5.1828     74.863 0.0000e+00
    375.000     5.9267   3.435342     1.8198     0.0153     0.1160    6.93963    34.8692     5.1796     74.779 0.0000e+00
    376.000     5.8930   3.432215     1.8211     0.0238     0.1221    6.94523    34.8680     5.1849     74.795 0.0000e+00
    377.000     5.8628   3.429396     1.8282     0.0246     0.1311    6.95027    34.8667     5.2361     75.479 0.0000e+00
    378.000     5.8508   3.428255     1.8347     0.0331     0.1241    6.95230    34.8656     5.2734     75.996 0.0000e+00
    379.000     5.8172   3.424664     1.8380     0.0329     0.1250    6.95814    34.8590     5.2890     76.157 0.0000e+00
    380.000     5.7718   3.420624     1.8400     0.0181     0.1144    6.96562    34.8595     5.2968     76.188 0.0000e+00
    381.000     5.7459   3.418506     1.8416     0.0153     0.1261    6.96982    34.8617     5.3038     76.244 0.0000e+00
    382.000     5.7210   3.416061     1.8434     0.0153     0.1378    6.97407    34.8591     5.3130     76.331 0.0000e+00
    383.000     5.6958   3.413930     1.8457     0.0330     0.1266    6.97820    34.8604     5.3205     76.395 0.0000e+00
    384.000     5.6810   3.412710     1.8474     0.0373     0.1247    6.98061    34.8613     5.3236     76.413 0.0000e+00
    385.000     5.6717   3.411847     1.8495     0.0227     0.1571    6.98219    34.8606     5.3288     76.470 0.0000e+00
    386.000     5.6589   3.410709     1.8507     0.0241     0.1465    6.98434    34.8604     5.3352     76.539 0.0000e+00
    387.000     5.6466   3.409708     1.8523     0.0248     0.1184    6.98634    34.8612     5.3341     76.502 0.0000e+00
    388.000     5.6458   3.409640     1.8533     0.0160     0.1184    6.98650    34.8607     5.3421     76.615 0.0000e+00
    389.000     5.6403   3.409162     1.8545     0.0348     0.1137    6.98742    34.8604     5.3473     76.679 0.0000e+00
    390.000     5.6362   3.408818     1.8548     0.0245     0.1247    6.98812    34.8603     5.3436     76.619 0.0000e+00
    391.000     5.6277   3.408031     1.8548     0.0152     0.1348    6.98956    34.8596     5.3513     76.714 0.0000e+00
    392.000     5.6155   3.407036     1.8560     0.0153     0.1385    6.99156    34.8604     5.3583     76.792 0.0000e+00
    393.000     5.6096   3.406558     1.8560     0.0084     0.1320    6.99254    34.8605     5.3534     76.711 0.0000e+00
