tests/test1_good/PLA19E001.cnv
* Sea-Bird SBE25 Data File:
* FileName = D:\Campañas NAFO\Platuxa19\PLA19E001.hex
* Software Version 1.59
* Temperature SN = 5117
* Conductivity SN = 3687
* System UpLoad Time = Jun 08 2019 13:26:53
** Ship: Vizconde de Eza
** Cruise: PLATUXA19
** Station:PLA19E001
** Haul:1
** Latitude:4312304
** Longitude:-4916777
** Date:08/06/2019
** Time UTC:12:38
** Depth:1170
# nquan = 11
# nvalues = 2279                        
# units = specified
# name 0 = prSM: Pressure, Strain Gauge [db]
# name 1 = t090C: Temperature [ITS-90, deg C]
# name 2 = c0S/m: Conductivity [S/m]
# name 3 = sbeox0V: Oxygen raw, SBE 43 [V]
# name 4 = flECO-AFL: Fluorescence, WET Labs ECO-AFL/FL [mg/m^3]
# name 5 = turbWETntu0: Turbidity, WET Labs ECO [NTU]
# name 6 = oxsatML/L: Oxygen Saturation, Weiss [ml/l]
# name 7 = sal00: Salinity, Practical [PSU]
# name 8 = sbeox0ML/L: Oxygen, SBE 43 [ml/l], WS = 2
# name 9 = sbeox0PS: Oxygen, SBE 43 [% saturation], WS = 2
# name 10 = flag: flag
# span 0 =      1.000,   1140.000       
# span 1 =    -0.2973,     9.2273       
# span 2 =   2.737783,   3.753408       
# span 3 =     1.6369,     2.6972       
# span 4 =    -0.0205,     3.5590       
# span 5 =     0.0862,     0.2118       
# span 6 =    6.42451,    8.21410       
# span 7 =    32.8086,    35.0815       
# span 8 =     4.1277,     9.8839       
# span 9 =     63.318,    121.672       
# span 10 = 0.0000e+00, 0.0000e+00      
# interval = decibars: 1                
# start_time = Jun 08 2019 12:35:02 [Instrument's time stamp, header]
# bad_flag = -9.990e-29
*END*
[from data line 2099]
    180.000     7.9551   3.598367     2.0971     0.0808     0.1291    6.62653    34.7120     5.8085     87.758 0.0000e+00
    179.000     7.9535   3.598113     2.0998     0.0702     0.1323    6.62680    34.7113     5.8367     88.180 0.0000e+00
    178.000     7.9486   3.597411     2.1037     0.0592     0.1323    6.62764    34.7092     5.8622     88.554 0.0000e+00
    177.000     7.9188   3.594031     2.1077     0.0593     0.1323    6.63241    34.7029     5.8844     88.826 0.0000e+00
    176.000     7.8610   3.587591     2.1121     0.0784     0.1370    6.64168    34.6915     5.9088     89.072 0.0000e+00
    175.000     7.8270   3.584031     2.1183     0.0778     0.1346    6.64702    34.6875     5.9257     89.256 0.0000e+00
    174.000     7.6696   3.566350     2.1285     0.0699     0.1330    6.67251    34.6536     5.9845     89.801 0.0000e+00
    173.000     7.6027   3.559108     2.1386     0.0741     0.1386    6.68325    34.6423     6.0427     90.531 0.0000e+00
    172.000     7.5705   3.555479     2.1444     0.1010     0.1384    6.68850    34.6355     6.0688     90.852 0.0000e+00
    171.000     7.5482   3.553002     2.1498     0.0920     0.1347    6.69210    34.6314     6.0876     91.085 0.0000e+00
    170.000     7.5138   3.548589     2.1549     0.0922     0.1324    6.69798    34.6183     6.1011     91.207 0.0000e+00
    169.000     7.4666   3.543494     2.1590     0.0922     0.1323    6.70560    34.6105     6.1098     91.235 0.0000e+00
    168.000     7.4119   3.537711     2.1631     0.0832     0.1323    6.71440    34.6026     6.1196     91.264 0.0000e+00
    167.000     7.3551   3.531300     2.1665     0.0867     0.1458    6.72376    34.5900     6.1233     91.193 0.0000e+00
    166.000     7.3249   3.528068     2.1677     0.0843     0.1463    6.72865    34.5854     6.1249     91.152 0.0000e+00
    165.000     7.3289   3.528306     2.1697     0.0844     0.1444    6.72807    34.5845     6.1289     91.219 0.0000e+00
    164.000     7.3319   3.528373     2.1699     0.0940     0.1421    6.72768    34.5827     6.1174     91.054 0.0000e+00
    163.000     7.3200   3.527170     2.1699     0.0969     0.1376    6.72956    34.5820     6.1156     91.001 0.0000e+00
    162.000     7.3131   3.526334     2.1694     0.0813     0.1323    6.73071    34.5803     6.1082     90.876 0.0000e+00
    161.000     7.2978   3.524571     2.1687     0.0813     0.1366    6.73323    34.5768     6.1050     90.795 0.0000e+00
    160.000     7.2875   3.523337     2.1675     0.0875     0.1384    6.73496    34.5741     6.1010     90.712 0.0000e+00
    159.000     7.2808   3.522626     2.1667     0.0921     0.1384    6.73603    34.5735     6.0947     90.603 0.0000e+00
    158.000     7.2808   3.522549     2.1650     0.0922     0.1369    6.73604    34.5731     6.0910     90.548 0.0000e+00
    157.000     7.2812   3.522472     2.1642     0.0922     0.1267    6.73601    34.5724     6.0864     90.481 0.0000e+00
    156.000     7.2823   3.522508     2.1630     0.0828     0.1357    6.73585    34.5722     6.0883     90.512 0.0000e+00
    155.000     7.2829   3.522489     2.1634     0.0812     0.1418    6.73577    34.5719     6.1029     90.729 0.0000e+00
    154.000     7.2828   3.522442     2.1645     0.0813     0.1429    6.73579    34.5720     6.1108     90.847 0.0000e+00
    153.000     7.2806   3.522167     2.1665     0.0908     0.1421    6.73614    34.5717     6.1180     90.948 0.0000e+00
    152.000     7.2756   3.521574     2.1681     0.0860     0.1501    6.73696    34.5707     6.1195     90.960 0.0000e+00
    151.000     7.2727   3.521269     2.1692     0.0750     0.1323    6.73741    34.5707     6.1255     91.043 0.0000e+00
    150.000     7.3135   3.525300     2.1705     0.0922     0.1343    6.73091    34.5745     6.1281     91.169 0.0000e+00
    149.000     7.3636   3.530465     2.1725     0.0993     0.1511    6.72282    34.5813     6.1305     91.312 0.0000e+00
    148.000     7.4052   3.534649     2.1747     0.0919     0.1432    6.71617    34.5858     6.1283     91.369 0.0000e+00
    147.000     7.4258   3.536776     2.1759     0.0922     0.1337    6.71285    34.5889     6.1189     91.273 0.0000e+00
    146.000     7.4275   3.536881     2.1760     0.0922     0.1361    6.71258    34.5888     6.1152     91.222 0.0000e+00
    145.000     7.4475   3.539316     2.1769     0.0854     0.1476    6.70919    34.5959     6.1222     91.372 0.0000e+00
    144.000     7.5704   3.551911     2.1789     0.0814     0.1445    6.68958    34.6106     6.1259     91.691 0.0000e+00
    143.000     7.5887   3.553839     2.1829     0.0919     0.1445    6.68663    34.6137     6.1462     92.036 0.0000e+00
    142.000     7.5984   3.554868     2.1865     0.1016     0.1445    6.68506    34.6158     6.1619     92.291 0.0000e+00
    141.000     7.6003   3.554938     2.1915     0.1110     0.1445    6.68480    34.6152     6.1963     92.811 0.0000e+00
    140.000     7.6013   3.554891     2.1988     0.1030     0.1418    6.68468    34.6141     6.2337     93.372 0.0000e+00
    139.000     7.6166   3.556458     2.2068     0.0924     0.1345    6.68224    34.6164     6.2629     93.843 0.0000e+00
    138.000     7.6360   3.558400     2.2173     0.1006     0.1377    6.67917    34.6186     6.2976     94.407 0.0000e+00
    137.000     7.6465   3.559500     2.2244     0.1125     0.1418    6.67747    34.6205     6.3070     94.572 0.0000e+00
    136.000     7.6829   3.563641     2.2300     0.1037     0.1376    6.67150    34.6295     6.3293     94.990 0.0000e+00
    135.000     7.7693   3.572877     2.2371     0.0928     0.1326    6.65768    34.6439     6.3575     95.608 0.0000e+00
    134.000     7.8505   3.581259     2.2463     0.1081     0.1339    6.64488    34.6541     6.3724     96.014 0.0000e+00
    133.000     7.9025   3.586771     2.2542     0.1240     0.1381    6.63662    34.6623     6.3631     95.991 0.0000e+00
    132.000     7.8672   3.582643     2.2627     0.1252     0.1345    6.64237    34.6534     6.4059     96.555 0.0000e+00
    131.000     7.7926   3.574567     2.2736     0.1252     0.1447    6.65426    34.6410     6.4681     97.320 0.0000e+00
    130.000     7.7898   3.574086     2.2811     0.1252     0.1445    6.65476    34.6390     6.4852     97.570 0.0000e+00
    129.000     7.7739   3.571715     2.2862     0.1198     0.1425    6.65759    34.6298     6.4934     97.652 0.0000e+00
    128.000     7.6032   3.552855     2.2907     0.1146     0.1387    6.68519    34.5960     6.5257     97.739 0.0000e+00
    127.000     7.5250   3.544689     2.2944     0.1335     0.1442    6.69766    34.5858     6.5415     97.796 0.0000e+00
    126.000     7.4742   3.539066     2.2980     0.1450     0.1486    6.70592    34.5758     6.5555     97.886 0.0000e+00
    125.000     7.4531   3.536703     2.3010     0.1533     0.1446    6.70937    34.5716     6.5594     97.893 0.0000e+00
    124.000     7.4528   3.536632     2.3036     0.1260     0.1371    6.70941    34.5716     6.5659     97.991 0.0000e+00
    123.000     7.4743   3.538767     2.3068     0.1144     0.1399    6.70600    34.5740     6.5729     98.144 0.0000e+00
    122.000     7.5043   3.541970     2.3090     0.1078     0.1355    6.70113    34.5794     6.5596     98.016 0.0000e+00
    121.000     7.5263   3.544263     2.3088     0.1145     0.1358    6.69758    34.5828     6.5393     97.764 0.0000e+00
    120.000     7.5340   3.545059     2.3079     0.1363     0.1507    6.69633    34.5842     6.5351     97.718 0.0000e+00
    119.000     7.5473   3.546501     2.3077     0.1290     0.1416    6.69415    34.5871     6.5392     97.811 0.0000e+00
    118.000     7.6137   3.553944     2.3082     0.1180     0.1386    6.68329    34.6022     6.5398     97.978 0.0000e+00
    117.000     7.6807   3.560662     2.3100     0.1143     0.1418    6.67273    34.6088     6.5357     98.068 0.0000e+00
    116.000     7.7120   3.563926     2.3106     0.1448     0.1401    6.66774    34.6134     6.5173     97.865 0.0000e+00
    115.000     7.7280   3.565676     2.3091     0.1541     0.1323    6.66514    34.6170     6.4984     97.618 0.0000e+00
    114.000     7.7510   3.568086     2.3074     0.1431     0.1333    6.66148    34.6206     6.4857     97.480 0.0000e+00
    113.000     7.7902   3.572441     2.3062     0.1359     0.1386    6.65513    34.6292     6.4770     97.441 0.0000e+00
    112.000     7.8361   3.576889     2.3055     0.1362     0.1348    6.64802    34.6320     6.4688     97.421 0.0000e+00
    111.000     7.8657   3.580397     2.3048     0.1390     0.1323    6.64313    34.6410     6.4636     97.414 0.0000e+00
    110.000     7.8899   3.582693     2.3042     0.1474     0.1406    6.63940    34.6421     6.4619     97.443 0.0000e+00
    109.000     7.9038   3.584043     2.3046     0.1472     0.1460    6.63724    34.6433     6.4697     97.591 0.0000e+00
    108.000     7.9091   3.584567     2.3054     0.1551     0.1451    6.63640    34.6442     6.4605     97.464 0.0000e+00
    107.000     7.9095   3.584582     2.3019     0.1499     0.1468    6.63633    34.6444     6.4186     96.834 0.0000e+00
    106.000     7.9096   3.584558     2.2968     0.1586     0.1540    6.63631    34.6446     6.3954     96.484 0.0000e+00
    105.000     7.9161   3.585216     2.2932     0.1471     0.1383    6.63527    34.6457     6.3759     96.204 0.0000e+00
    104.000     7.9263   3.586281     2.2890     0.1472     0.1434    6.63365    34.6476     6.3613     96.007 0.0000e+00
    103.000     7.9182   3.585010     2.2862     0.1472     0.1445    6.63511    34.6424     6.3676     96.081 0.0000e+00
    102.000     7.8705   3.579799     2.2848     0.1455     0.1445    6.64270    34.6342     6.3877     96.276 0.0000e+00
    101.000     7.8507   3.577509     2.2853     0.1367     0.1387    6.64590    34.6296     6.4089     96.550 0.0000e+00
    100.000     7.8525   3.577827     2.2866     0.1362     0.1384    6.64554    34.6317     6.4232     96.770 0.0000e+00
     99.000     7.9114   3.583356     2.2891     0.1362     0.1384    6.63652    34.6333     6.4159     96.790 0.0000e+00
     98.000     7.8603   3.576851     2.2896     0.1497     0.1404    6.64509    34.6144     6.4052     96.505 0.0000e+00
     97.000     7.8151   3.571846     2.2877     0.1740     0.1447    6.65233    34.6058     6.3995     96.315 0.0000e+00
     96.000     7.8094   3.571205     2.2883     0.1666     0.1393    6.65324    34.6051     6.4426     96.950 0.0000e+00
     95.000     7.8080   3.570924     2.2938     0.1481     0.1384    6.65350    34.6039     6.4906     97.670 0.0000e+00
     94.000     7.7996   3.569914     2.2997     0.1561     0.1384    6.65486    34.6018     6.5106     97.951 0.0000e+00
     93.000     7.7485   3.563878     2.3046     0.1564     0.1414    6.66326    34.5879     6.5202     97.974 0.0000e+00
     92.000     7.6384   3.551154     2.3079     0.1514     0.1475    6.68133    34.5601     6.5037     97.465 0.0000e+00
     91.000     7.4505   3.531036     2.3032     0.1775     0.1492    6.71161    34.5292     6.4702     96.531 0.0000e+00
     90.000     7.4324   3.528655     2.2983     0.1851     0.1444    6.71474    34.5219     6.4910     96.797 0.0000e+00
     89.000     7.3866   3.523243     2.3000     0.1597     0.1393    6.72239    34.5091     6.5611     97.731 0.0000e+00
     88.000     7.3319   3.517212     2.3066     0.1582     0.1492    6.73136    34.4984     6.6338     98.684 0.0000e+00
     87.000     7.3173   3.515581     2.3143     0.1653     0.1507    6.73374    34.4956     6.6828     99.378 0.0000e+00
     86.000     7.2201   3.502962     2.3230     0.1693     0.1475    6.75070    34.4551     6.7343     99.896 0.0000e+00
     85.000     6.7801   3.456568     2.3324     0.1710     0.1445    6.82323    34.3855     6.8374    100.361 0.0000e+00
     84.000     6.4836   3.425004     2.3417     0.1800     0.1471    6.87307    34.3336     6.8953    100.488 0.0000e+00
     83.000     6.3122   3.406520     2.3491     0.2029     0.1493    6.90230    34.3005     6.9146    100.347 0.0000e+00
     82.000     6.1883   3.393003     2.3539     0.2279     0.1472    6.92366    34.2744     6.9375    100.373 0.0000e+00
     81.000     6.1352   3.386903     2.3582     0.2438     0.1505    6.93302    34.2602     6.9536    100.472 0.0000e+00
     80.000     6.0916   3.382046     2.3599     0.2472     0.1500    6.94062    34.2500     6.9257     99.961 0.0000e+00
     79.000     5.9592   3.368314     2.3567     0.2445     0.1612    6.96335    34.2297     6.9414     99.864 0.0000e+00
     78.000     5.8875   3.360146     2.3574     0.2398     0.1593    6.97608    34.2105     6.9979    100.497 0.0000e+00
     77.000     5.8230   3.353073     2.3607     0.2456     0.1512    6.98745    34.1964     7.0516    101.104 0.0000e+00
     76.000     5.7264   3.343277     2.3649     0.2486     0.1506    7.00410    34.1837     7.0996    101.554 0.0000e+00
     75.000     5.6565   3.335745     2.3694     0.2569     0.1506    7.01643    34.1696     7.1314    101.832 0.0000e+00
     74.000     5.5753   3.327094     2.3747     0.2463     0.1482    7.03076    34.1541     7.1411    101.767 0.0000e+00
     73.000     5.4651   3.314897     2.3774     0.2479     0.1435    7.05055    34.1275     7.1049    100.969 0.0000e+00
     72.000     5.0434   3.272305     2.3714     0.2820     0.1402    7.12519    34.0687     7.1361    100.365 0.0000e+00
     71.000     4.9233   3.260515     2.3850     0.2682     0.1585    7.14645    34.0559     7.3869    103.589 0.0000e+00
     70.000     4.8768   3.255150     2.4070     0.2844     0.1650    7.15518    34.0419     7.4470    104.304 0.0000e+00
     69.000     4.5810   3.222604     2.4154     0.2673     0.1756    7.21037    33.9668     7.5152    104.465 0.0000e+00
     68.000     4.1683   3.181713     2.4196     0.2681     0.1625    7.28616    33.9120     7.5733    104.194 0.0000e+00
     67.000     4.0696   3.173687     2.4213     0.2681     0.1570    7.30343    33.9198     7.5725    103.939 0.0000e+00
     66.000     4.4150   3.203013     2.4225     0.3077     0.1625    7.24235    33.9097     7.5059    103.880 0.0000e+00
     65.000     4.4912   3.207902     2.4247     0.3238     0.1685    7.22983    33.8893     7.5042    104.033 0.0000e+00
     64.000     4.4320   3.201679     2.4275     0.3560     0.1689    7.24084    33.8777     7.5070    103.917 0.0000e+00
     63.000     4.4416   3.202053     2.4272     0.3669     0.1620    7.23937    33.8727     7.4698    103.421 0.0000e+00
     62.000     4.4314   3.200188     2.4245     0.3869     0.1668    7.24171    33.8620     7.4566    103.206 0.0000e+00
     61.000     4.2681   3.183487     2.4240     0.4057     0.1736    7.27206    33.8340     7.5190    103.642 0.0000e+00
     60.000     4.1591   3.172747     2.4268     0.4198     0.1775    7.29219    33.8201     7.5806    104.205 0.0000e+00
     59.000     4.1110   3.167354     2.4316     0.4481     0.1811    7.30147    33.8064     7.5999    104.340 0.0000e+00
     58.000     3.8274   3.138107     2.4341     0.4253     0.1764    7.35535    33.7525     7.6493    104.260 0.0000e+00
     57.000     3.7010   3.126070     2.4344     0.4311     0.1657    7.37896    33.7403     7.6211    103.549 0.0000e+00
     56.000     3.6664   3.122113     2.4293     0.4444     0.1627    7.38582    33.7294     7.4984    101.788 0.0000e+00
     55.000     3.6507   3.120351     2.4144     0.4898     0.1617    7.38891    33.7251     7.3453     99.669 0.0000e+00
     54.000     3.6312   3.118371     2.3946     0.5287     0.1719    7.39263    33.7221     7.2901     98.870 0.0000e+00
     53.000     3.6140   3.116620     2.3803     0.5375     0.1805    7.39591    33.7195     7.3322     99.397 0.0000e+00
     52.000     3.5998   3.115027     2.3736     0.5319     0.1739    7.39871    33.7157     7.3758     99.951 0.0000e+00
     51.000     3.5765   3.112410     2.3713     0.5318     0.1678    7.40332    33.7091     7.4236    100.537 0.0000e+00
