tests/test1_good/PLA19E001.cnv
* Sea-Bird SBE25 Data File:
* FileName = D:\Campañas NAFO\Platuxa19\PLA19E001.hex
* Software Version 1.59
* Temperature SN = 5117
* Conductivity SN = 3687
* System UpLoad Time = Jun 08 2019 13:26:53
** Ship: Vizconde de Eza
** Cruise: PLATUXA19
** Station:PLA19E001
** Haul:1
** Latitude:4312304
** Longitude:-4916777
** Date:08/06/2019
** Time UTC:12:38
** Depth:1170
# nquan = 11
# nvalues = 2279                        
# units = specified
# name 0 = prSM: Pressure, Strain Gauge [db]
# name 1 = t090C: Temperature [ITS-90, deg C]
# name 2 = c0S/m: Conductivity [S/m]
# name 3 = sbeox0V: Oxygen raw, SBE 43 [V]
# name 4 = flECO-AFL: Fluorescence, WET Labs ECO-AFL/FL [mg/m^3]
# name 5 = turbWETntu0: Turbidity, WET Labs ECO [NTU]
# name 6 = oxsatML/L: Oxygen Saturation, Weiss [ml/l]
# name 7 = sal00: Salinity, Practical [PSU]
# name 8 = sbeox0ML/L: Oxygen, SBE 43 [ml/l], WS = 2
# name 9 = sbeox0PS: Oxygen, SBE 43 [% saturation], WS = 2
# name 10 = flag: flag
# span 0 =      1.000,   1140.000       
# span 1 =    -0.2973,     9.2273       
# span 2 =   2.737783,   3.753408       
# span 3 =     1.6369,     2.6972       
# span 4 =    -0.0205,     3.5590       
# span 5 =     0.0862,     0.2118       
# span 6 =    6.42451,    8.21410       
# span 7 =    32.8086,    35.0815       
# span 8 =     4.1277,     9.8839       
# span 9 =     63.318,    121.672       
# span 10 = 0.0000e+00, 0.0000e+00      
# interval = decibars: 1                
# start_time = Jun 08 2019 12:35:02 [Instrument's time stamp, header]
# bad_flag = -9.990e-29
*END*
[from data line 525]
    526.000     4.4631   3.309902     1.9992     0.0325     0.1279    7.18798    34.8709     6.1076     85.175 0.0000e+00
    527.000     4.5480   3.318572     1.9949     0.0371     0.1248    7.17258    34.8826     6.0992     85.238 0.0000e+00
    528.000     4.6095   3.324542     1.9917     0.0373     0.1162    7.16165    34.8873     6.0987     85.360 0.0000e+00
    529.000     4.5991   3.323605     1.9902     0.0373     0.1092    7.16348    34.8867     6.1142     85.556 0.0000e+00
    530.000     4.5868   3.322457     1.9908     0.0236     0.1196    7.16567    34.8857     6.1336     85.801 0.0000e+00
    531.000     4.5761   3.321443     1.9908     0.0137     0.1145    7.16759    34.8846     6.1145     85.511 0.0000e+00
    532.000     4.5748   3.321393     1.9884     0.0297     0.1156    7.16781    34.8849     6.0835     85.074 0.0000e+00
    533.000     4.5734   3.321284     1.9852     0.0356     0.1205    7.16806    34.8845     6.0753     84.958 0.0000e+00
    534.000     4.5746   3.321560     1.9842     0.0261     0.1222    7.16778    34.8859     6.0903     85.171 0.0000e+00
    535.000     4.6111   3.326069     1.9838     0.0263     0.1261    7.16077    34.8997     6.1032     85.433 0.0000e+00
    536.000     4.6596   3.330453     1.9830     0.0395     0.1173    7.15236    34.8995     6.0648     84.994 0.0000e+00
    537.000     4.6554   3.330603     1.9665     0.0179     0.1167    7.15283    34.9051     5.9032     82.723 0.0000e+00
    538.000     4.7674   3.343192     1.9561     0.0149     0.1271    7.13208    34.9336     5.8237     81.845 0.0000e+00
    539.000     4.8471   3.350690     1.9476     0.0153     0.1262    7.11819    34.9366     5.7630     81.147 0.0000e+00
    540.000     4.8823   3.355383     1.9395     0.0153     0.1220    7.11134    34.9537     5.7274     80.721 0.0000e+00
    541.000     4.9433   3.361436     1.9332     0.0153     0.1202    7.10060    34.9594     5.7118     80.622 0.0000e+00
    542.000     4.9840   3.365711     1.9270     0.0240     0.1201    7.09333    34.9657     5.7149     80.747 0.0000e+00
    543.000     5.0201   3.369501     1.9225     0.0285     0.1237    7.08690    34.9713     5.7269     80.989 0.0000e+00
    544.000     5.1048   3.378590     1.9183     0.0290     0.1287    7.07173    34.9872     5.7239     81.118 0.0000e+00
    545.000     5.1205   3.380245     1.9043     0.0165     0.1193    7.06895    34.9893     5.6692     80.375 0.0000e+00
    546.000     5.1701   3.385576     1.9026     0.0154     0.1142    7.06010    34.9984     5.6639     80.398 0.0000e+00
    547.000     5.1819   3.386794     1.9006     0.0132     0.1175    7.05804    34.9995     5.6544     80.287 0.0000e+00
    548.000     5.1886   3.387512     1.8987     0.0039     0.1202    7.05687    35.0004     5.6571     80.338 0.0000e+00
    549.000     5.1940   3.388181     1.8980     0.0137     0.1201    7.05588    35.0018     5.6611     80.406 0.0000e+00
    550.000     5.2074   3.389769     1.8965     0.0152     0.1201    7.05344    35.0057     5.6525     80.311 0.0000e+00
    551.000     5.2176   3.390975     1.8955     0.0153     0.1209    7.05159    35.0084     5.6551     80.369 0.0000e+00
    552.000     5.2183   3.391119     1.8944     0.0153     0.1177    7.05145    35.0088     5.6482     80.272 0.0000e+00
    553.000     5.2190   3.391247     1.8932     0.0153     0.1109    7.05132    35.0090     5.6533     80.346 0.0000e+00
    554.000     5.2192   3.391336     1.8932     0.0244     0.1192    7.05127    35.0093     5.6591     80.429 0.0000e+00
    555.000     5.2198   3.391438     1.8932     0.0157     0.1160    7.05117    35.0094     5.6592     80.431 0.0000e+00
    556.000     5.2204   3.391552     1.8932     0.0202     0.1233    7.05106    35.0096     5.6598     80.441 0.0000e+00
    557.000     5.2209   3.391700     1.8932     0.0216     0.1262    7.05095    35.0102     5.6604     80.452 0.0000e+00
    558.000     5.2209   3.391812     1.8932     0.0264     0.1272    7.05091    35.0110     5.6611     80.462 0.0000e+00
    559.000     5.2209   3.391876     1.8932     0.0263     0.1292    7.05089    35.0111     5.6618     80.473 0.0000e+00
    560.000     5.2210   3.391910     1.8932     0.0263     0.1206    7.05089    35.0110     5.6626     80.483 0.0000e+00
    561.000     5.2209   3.391959     1.8930     0.0159     0.1178    7.05090    35.0111     5.6552     80.378 0.0000e+00
    562.000     5.2207   3.392015     1.8920     0.0167     0.1148    7.05092    35.0115     5.6510     80.318 0.0000e+00
    563.000     5.2207   3.392071     1.8912     0.0388     0.1252    7.05091    35.0116     5.6466     80.255 0.0000e+00
    564.000     5.2203   3.392138     1.8907     0.0183     0.1262    7.05094    35.0122     5.6527     80.342 0.0000e+00
    565.000     5.2203   3.392226     1.8907     0.0221     0.1210    7.05092    35.0127     5.6563     80.393 0.0000e+00
    566.000     5.2204   3.392305     1.8912     0.0245     0.1247    7.05089    35.0130     5.6672     80.548 0.0000e+00
    567.000     5.2205   3.392399     1.8920     0.0164     0.1218    7.05085    35.0135     5.6618     80.473 0.0000e+00
    568.000     5.2211   3.392517     1.8914     0.0268     0.1136    7.05074    35.0138     5.6620     80.477 0.0000e+00
    569.000     5.2209   3.392581     1.8920     0.0193     0.1153    7.05076    35.0142     5.6674     80.554 0.0000e+00
    570.000     5.2207   3.392640     1.8917     0.0120     0.1205    7.05077    35.0146     5.6582     80.422 0.0000e+00
    571.000     5.2206   3.392674     1.8918     0.0039     0.1304    7.05080    35.0146     5.6564     80.396 0.0000e+00
    572.000     5.2202   3.392709     1.8907     0.0043     0.1286    7.05084    35.0148     5.6544     80.368 0.0000e+00
    573.000     5.2190   3.392657     1.8908     0.0164     0.1143    7.05104    35.0150     5.6618     80.470 0.0000e+00
    574.000     5.2190   3.392690     1.8908     0.0196     0.1167    7.05105    35.0149     5.6635     80.494 0.0000e+00
    575.000     5.2191   3.392742     1.8908     0.0276     0.1156    7.05104    35.0149     5.6642     80.504 0.0000e+00
    576.000     5.2185   3.392777     1.8908     0.0274     0.1246    7.05110    35.0153     5.6594     80.435 0.0000e+00
    577.000     5.2185   3.392822     1.8898     0.0157     0.1232    7.05111    35.0154     5.6617     80.468 0.0000e+00
    578.000     5.2185   3.392879     1.8908     0.0153     0.1271    7.05111    35.0155     5.6654     80.521 0.0000e+00
    579.000     5.2185   3.392937     1.8896     0.0153     0.1312    7.05110    35.0157     5.6535     80.351 0.0000e+00
    580.000     5.2184   3.392983     1.8896     0.0228     0.1261    7.05110    35.0158     5.6613     80.462 0.0000e+00
    581.000     5.2184   3.393022     1.8896     0.0184     0.1165    7.05110    35.0157     5.6639     80.500 0.0000e+00
    582.000     5.2186   3.393074     1.8896     0.0169     0.1079    7.05109    35.0157     5.6646     80.510 0.0000e+00
    583.000     5.2183   3.393079     1.8896     0.0189     0.1172    7.05113    35.0154     5.6654     80.520 0.0000e+00
    584.000     5.2096   3.392420     1.8896     0.0178     0.1292    7.05256    35.0165     5.6673     80.532 0.0000e+00
    585.000     5.2082   3.392280     1.8896     0.0175     0.1252    7.05284    35.0159     5.6683     80.543 0.0000e+00
    586.000     5.2100   3.392489     1.8896     0.0153     0.1156    7.05253    35.0158     5.6700     80.570 0.0000e+00
    587.000     5.2109   3.392523     1.8903     0.0209     0.1183    7.05242    35.0147     5.6812     80.731 0.0000e+00
    588.000     5.2020   3.391772     1.8908     0.0185     0.1201    7.05392    35.0149     5.6802     80.699 0.0000e+00
    589.000     5.1920   3.390833     1.8911     0.0152     0.1201    7.05566    35.0140     5.6938     80.874 0.0000e+00
    590.000     5.1858   3.390358     1.8924     0.0265     0.1201    7.05669    35.0145     5.7046     81.015 0.0000e+00
    591.000     5.1823   3.390052     1.8933     0.0263     0.1178    7.05730    35.0141     5.7009     80.955 0.0000e+00
    592.000     5.1746   3.389293     1.8933     0.0263     0.1079    7.05867    35.0130     5.6943     80.846 0.0000e+00
    593.000     5.1658   3.388589     1.8933     0.0152     0.1105    7.06013    35.0135     5.6899     80.767 0.0000e+00
    594.000     5.1527   3.387378     1.8934     0.0153     0.1152    7.06239    35.0128     5.7105     81.035 0.0000e+00
    595.000     5.1447   3.386567     1.8976     0.0153     0.1233    7.06381    35.0112     5.7398     81.433 0.0000e+00
    596.000     5.1118   3.383304     1.8994     0.0153     0.1216    7.06958    35.0075     5.7442     81.430 0.0000e+00
    597.000     5.0920   3.381511     1.9004     0.0153     0.1143    7.07297    35.0070     5.7567     81.569 0.0000e+00
    598.000     5.0892   3.381255     1.9018     0.0361     0.1169    7.07348    35.0065     5.7680     81.723 0.0000e+00
    599.000     5.0860   3.380940     1.9033     0.0309     0.1176    7.07406    35.0057     5.7727     81.784 0.0000e+00
    600.000     5.0720   3.379535     1.9045     0.0154     0.1110    7.07654    35.0036     5.7746     81.782 0.0000e+00
    601.000     5.0570   3.378111     1.9059     0.0153     0.1093    7.07916    35.0023     5.7808     81.840 0.0000e+00
    602.000     5.0512   3.377621     1.9068     0.0153     0.1190    7.08015    35.0022     5.7790     81.804 0.0000e+00
    603.000     5.0488   3.377410     1.9070     0.0264     0.1325    7.08058    35.0018     5.7831     81.856 0.0000e+00
    604.000     5.0468   3.377312     1.9081     0.0199     0.1278    7.08091    35.0023     5.7873     81.913 0.0000e+00
    605.000     5.0447   3.377123     1.9081     0.0208     0.1263    7.08128    35.0018     5.7815     81.825 0.0000e+00
    606.000     5.0441   3.377085     1.9081     0.0187     0.1155    7.08140    35.0015     5.7816     81.826 0.0000e+00
    607.000     5.0439   3.377110     1.9081     0.0228     0.1208    7.08143    35.0014     5.7823     81.836 0.0000e+00
    608.000     5.0438   3.377159     1.9081     0.0179     0.1249    7.08144    35.0016     5.7857     81.884 0.0000e+00
    609.000     5.0431   3.377109     1.9086     0.0247     0.1322    7.08158    35.0012     5.7958     82.024 0.0000e+00
    610.000     5.0301   3.375779     1.9093     0.0158     0.1306    7.08391    34.9990     5.7906     81.925 0.0000e+00
    611.000     5.0221   3.375109     1.9085     0.0153     0.1149    7.08526    34.9990     5.7903     81.905 0.0000e+00
    612.000     5.0195   3.374950     1.9093     0.0307     0.1183    7.08568    34.9994     5.8000     82.037 0.0000e+00
    613.000     5.0176   3.374759     1.9093     0.0243     0.1181    7.08604    34.9986     5.8033     82.080 0.0000e+00
    614.000     5.0155   3.374582     1.9103     0.0151     0.1139    7.08642    34.9983     5.8139     82.225 0.0000e+00
    615.000     5.0108   3.374155     1.9111     0.0153     0.1140    7.08725    34.9978     5.8139     82.217 0.0000e+00
    616.000     5.0088   3.374025     1.9110     0.0129     0.1087    7.08759    34.9979     5.7997     82.012 0.0000e+00
    617.000     5.0065   3.373830     1.9107     0.0146     0.1116    7.08800    34.9975     5.8094     82.144 0.0000e+00
    618.000     5.0065   3.373881     1.9118     0.0198     0.1198    7.08800    34.9976     5.8214     82.314 0.0000e+00
    619.000     5.0112   3.374433     1.9129     0.0152     0.1187    7.08715    34.9985     5.8253     82.379 0.0000e+00
    620.000     5.0130   3.374641     1.9133     0.0153     0.1192    7.08684    34.9986     5.8143     82.227 0.0000e+00
    621.000     5.0120   3.374576     1.9127     0.0266     0.1226    7.08702    34.9984     5.8115     82.184 0.0000e+00
    622.000     5.0099   3.374449     1.9126     0.0188     0.1263    7.08737    34.9986     5.8156     82.239 0.0000e+00
    623.000     5.0094   3.374458     1.9130     0.0155     0.1262    7.08745    34.9987     5.8115     82.181 0.0000e+00
    624.000     5.0100   3.374590     1.9117     0.0071     0.1262    7.08733    34.9990     5.8021     82.048 0.0000e+00
    625.000     5.0104   3.374662     1.9114     0.0062     0.1234    7.08727    34.9990     5.8030     82.062 0.0000e+00
    626.000     5.0241   3.376333     1.9107     0.0214     0.1147    7.08472    35.0034     5.8028     82.088 0.0000e+00
    627.000     5.0352   3.377514     1.9101     0.0162     0.1172    7.08275    35.0049     5.8064     82.162 0.0000e+00
    628.000     5.0435   3.378433     1.9101     0.0263     0.1197    7.08128    35.0064     5.7996     82.082 0.0000e+00
    629.000     5.0433   3.378486     1.9088     0.0146     0.1201    7.08129    35.0067     5.7903     81.950 0.0000e+00
    630.000     5.0461   3.378865     1.9079     0.0153     0.1201    7.08077    35.0077     5.7845     81.875 0.0000e+00
    631.000     5.0487   3.379197     1.9068     0.0153     0.1201    7.08029    35.0082     5.7841     81.874 0.0000e+00
    632.000     5.0529   3.379810     1.9069     0.0153     0.1238    7.07948    35.0104     5.7849     81.894 0.0000e+00
    633.000     5.0585   3.380353     1.9060     0.0132     0.1203    7.07853    35.0103     5.7812     81.853 0.0000e+00
    634.000     5.0587   3.380439     1.9057     0.0151     0.1146    7.07848    35.0105     5.7848     81.905 0.0000e+00
    635.000     5.0586   3.380514     1.9055     0.0153     0.1156    7.07848    35.0110     5.7820     81.865 0.0000e+00
    636.000     5.0595   3.380629     1.9049     0.0251     0.1112    7.07833    35.0109     5.7952     82.054 0.0000e+00
    637.000     5.0581   3.380505     1.9067     0.0152     0.1156    7.07859    35.0104     5.8144     82.323 0.0000e+00
    638.000     5.0406   3.378634     1.9081     0.0153     0.1058    7.08175    35.0066     5.8256     82.445 0.0000e+00
    639.000     5.0037   3.375276     1.9099     0.0195     0.1103    7.08808    35.0059     5.8413     82.594 0.0000e+00
    640.000     4.9887   3.373794     1.9117     0.0329     0.1275    7.09074    35.0039     5.8547     82.753 0.0000e+00
    641.000     4.9824   3.373190     1.9140     0.0180     0.1262    7.09186    35.0030     5.8533     82.720 0.0000e+00
    642.000     4.9804   3.373021     1.9143     0.0155     0.1262    7.09222    35.0027     5.8520     82.698 0.0000e+00
    643.000     4.9757   3.372592     1.9153     0.0153     0.1173    7.09305    35.0022     5.8581     82.774 0.0000e+00
    644.000     4.9700   3.372099     1.9156     0.0070     0.1154    7.09404    35.0019     5.8521     82.679 0.0000e+00
    645.000     4.9683   3.371944     1.9156     0.0084     0.1230    7.09435    35.0014     5.8521     82.675 0.0000e+00
    646.000     4.9673   3.371888     1.9156     0.0152     0.1201    7.09453    35.0013     5.8548     82.711 0.0000e+00
    647.000     4.9662   3.371796     1.9156     0.0131     0.1201    7.09474    35.0008     5.8634     82.829 0.0000e+00
    648.000     4.9633   3.371550     1.9168     0.0153     0.1231    7.09525    35.0005     5.8687     82.899 0.0000e+00
    649.000     4.9562   3.370880     1.9168     0.0153     0.1211    7.09650    34.9997     5.8633     82.809 0.0000e+00
    650.000     4.9559   3.370919     1.9162     0.0176     0.1117    7.09655    35.0000     5.8579     82.732 0.0000e+00
    651.000     4.9566   3.370952     1.9155     0.0150     0.1113    7.09647    34.9991     5.8584     82.740 0.0000e+00
    652.000     4.9605   3.371579     1.9156     0.0222     0.1180    7.09567    35.0017     5.8585     82.751 0.0000e+00
    653.000     4.9604   3.371560     1.9156     0.0219     0.1200    7.09572    35.0011     5.8593     82.762 0.0000e+00
    654.000     4.9585   3.371418     1.9156     0.0155     0.1142    7.09606    35.0010     5.8604     82.772 0.0000e+00
    655.000     4.9528   3.370923     1.9156     0.0153     0.1179    7.09705    35.0007     5.8620     82.784 0.0000e+00
