tests/test1_good/PLA19E002.cnv
* Sea-Bird SBE25 Data File:
* FileName = D:\Campañas NAFO\Platuxa19\PLA19E002.hex
* Software Version 1.59
* Temperature SN = 5117
* Conductivity SN = 3687
* System UpLoad Time = Jun 08 2019 17:39:38
** Ship: Vizconde de Eza
** Cruise: PLATUXA19
** Station:PLA19E002
** Haul:2
** Latitude:4307941
** Longitude:-4971731
** Date:08/06/2019
** Time UTC:17:10
** Depth:720
# nquan = 11
# nvalues = 1389                        
# units = specified
# name 0 = prSM: Pressure, Strain Gauge [db]
# name 1 = t090C: Temperature [ITS-90, deg C]
# name 2 = c0S/m: Conductivity [S/m]
# name 3 = sbeox0V: Oxygen raw, SBE 43 [V]
# name 4 = flECO-AFL: Fluorescence, WET Labs ECO-AFL/FL [mg/m^3]
# name 5 = turbWETntu0: Turbidity, WET Labs ECO [NTU]
# name 6 = oxsatML/L: Oxygen Saturation, Weiss [ml/l]
# name 7 = sal00: Salinity, Practical [PSU]
# name 8 = sbeox0ML/L: Oxygen, SBE 43 [ml/l], WS = 2
# name 9 = sbeox0PS: Oxygen, SBE 43 [% saturation], WS = 2
# name 10 = flag: flag
# span 0 =      1.000,    695.000       
# span 1 =     3.4446,    10.1401       
# span 2 =   3.179150,   3.802047       
# span 3 =     1.7690,     2.7196       
# span 4 =     0.0043,     3.5770       
# span 5 =     0.1134,     3.1052       
# span 6 =    6.30799,    7.38898       
# span 7 =    32.5920,    35.0557       
# span 8 =     4.4675,     7.9744       
# span 9 =     69.586,    117.241       
# span 10 = 0.0000e+00, 0.0000e+00      
# interval = decibars: 1                
# start_time = Jun 08 2019 17:02:43 [Instrument's time stamp, header]
# bad_flag = -9.990e-29
*END*
[from data line 132]
    133.000     8.6379   3.674968     1.9688     0.0373     0.1262    6.51784    34.8752     5.1438     78.995 0.0000e+00
    134.000     8.7926   3.692101     1.9647     0.0267     0.1356    6.49404    34.9031     5.1460     79.315 0.0000e+00
    135.000     8.8715   3.700264     1.9635     0.0263     0.1269    6.48221    34.9108     5.1549     79.595 0.0000e+00
    136.000     8.8848   3.701568     1.9527     0.0277     0.1224    6.48027    34.9110     5.1059     78.862 0.0000e+00
    137.000     8.8841   3.702282     1.9383     0.0378     0.1232    6.48005    34.9187     5.0219     77.567 0.0000e+00
    138.000     8.9569   3.710833     1.9352     0.0373     0.1262    6.46875    34.9365     4.9970     77.315 0.0000e+00
    139.000     8.9713   3.712185     1.9298     0.0352     0.1321    6.46669    34.9360     4.9753     77.003 0.0000e+00
    140.000     8.9829   3.712587     1.9243     0.0242     0.1323    6.46532    34.9283     4.9620     76.813 0.0000e+00
    141.000     8.9815   3.713350     1.9192     0.0280     0.1323    6.46515    34.9372     4.9571     76.739 0.0000e+00
    142.000     9.0833   3.724415     1.9159     0.0371     0.1323    6.44981    34.9527     4.9453     76.737 0.0000e+00
    143.000     9.1167   3.728533     1.9107     0.0373     0.1306    6.44459    34.9624     4.9269     76.512 0.0000e+00
    144.000     9.1353   3.730968     1.8993     0.0311     0.1325    6.44165    34.9692     4.8990     76.113 0.0000e+00
    145.000     9.1349   3.730974     1.8983     0.0481     0.1287    6.44170    34.9692     4.9031     76.177 0.0000e+00
    146.000     9.1322   3.730770     1.8970     0.0345     0.1376    6.44209    34.9692     4.9015     76.147 0.0000e+00
    147.000     9.1288   3.730468     1.8966     0.0257     0.1411    6.44259    34.9689     4.8888     75.944 0.0000e+00
    148.000     9.1259   3.730322     1.8931     0.0372     0.1238    6.44297    34.9698     4.8596     75.486 0.0000e+00
    149.000     9.1155   3.729232     1.8868     0.0291     0.1209    6.44454    34.9681     4.8325     75.047 0.0000e+00
    150.000     9.1031   3.728123     1.8774     0.0376     0.1391    6.44632    34.9683     4.8052     74.602 0.0000e+00
    151.000     9.1010   3.728562     1.8708     0.0336     0.1337    6.44637    34.9744     4.7970     74.475 0.0000e+00
    152.000     9.1027   3.729302     1.8674     0.0278     0.1258    6.44589    34.9799     4.7973     74.485 0.0000e+00
    153.000     9.1043   3.729783     1.8659     0.0420     0.1262    6.44553    34.9829     4.7904     74.383 0.0000e+00
    154.000     9.1136   3.731008     1.8622     0.0359     0.1262    6.44407    34.9862     4.7809     74.251 0.0000e+00
    155.000     9.1170   3.731467     1.8589     0.0366     0.1243    6.44354    34.9872     4.7798     74.240 0.0000e+00
    156.000     9.1209   3.732047     1.8580     0.0261     0.1309    6.44290    34.9890     4.7791     74.237 0.0000e+00
    157.000     9.1232   3.732378     1.8565     0.0308     0.1348    6.44255    34.9897     4.7639     74.004 0.0000e+00
    158.000     9.1268   3.732851     1.8533     0.0371     0.1290    6.44199    34.9906     4.7495     73.787 0.0000e+00
    159.000     9.1297   3.733352     1.8480     0.0373     0.1227    6.44149    34.9925     4.7177     73.298 0.0000e+00
    160.000     9.1387   3.734662     1.8441     0.0334     0.1242    6.44002    34.9969     4.7013     73.060 0.0000e+00
    161.000     9.1490   3.735854     1.8404     0.0222     0.1263    6.43846    34.9988     4.6848     72.822 0.0000e+00
    162.000     9.1540   3.736678     1.8363     0.0423     0.1262    6.43760    35.0019     4.6781     72.727 0.0000e+00
    163.000     9.1648   3.738158     1.8337     0.0374     0.1262    6.43587    35.0063     4.6815     72.800 0.0000e+00
    164.000     9.1882   3.741068     1.8316     0.0173     0.1344    6.43224    35.0133     4.6765     72.761 0.0000e+00
    165.000     9.2128   3.744060     1.8271     0.0258     0.1364    6.42844    35.0199     4.6379     72.203 0.0000e+00
    166.000     9.2216   3.745216     1.8110     0.0313     0.1336    6.42705    35.0229     4.5353     70.622 0.0000e+00
    167.000     9.2278   3.746118     1.8010     0.0337     0.1385    6.42604    35.0256     4.5237     70.450 0.0000e+00
    168.000     9.2526   3.749542     1.7961     0.0279     0.1342    6.42205    35.0366     4.5233     70.487 0.0000e+00
    169.000     9.3000   3.755433     1.7922     0.0230     0.1232    6.41468    35.0509     4.5169     70.469 0.0000e+00
    170.000     9.3113   3.756996     1.7888     0.0263     0.1222    6.41288    35.0557     4.5125     70.419 0.0000e+00
    171.000     9.2926   3.755238     1.7861     0.0205     0.1376    6.41557    35.0553     4.5168     70.457 0.0000e+00
    172.000     9.2872   3.754729     1.7849     0.0169     0.1314    6.41636    35.0548     4.5209     70.514 0.0000e+00
    173.000     9.2821   3.754155     1.7847     0.0345     0.1265    6.41715    35.0534     4.5268     70.597 0.0000e+00
    174.000     9.2717   3.753034     1.7847     0.0359     0.1355    6.41871    35.0513     4.5250     70.551 0.0000e+00
    175.000     9.2670   3.752613     1.7826     0.0252     0.1285    6.41939    35.0511     4.5076     70.272 0.0000e+00
    176.000     9.2612   3.751999     1.7783     0.0286     0.1260    6.42027    35.0500     4.5073     70.258 0.0000e+00
    177.000     9.2623   3.752255     1.7816     0.0364     0.1303    6.42006    35.0510     4.5490     70.911 0.0000e+00
    178.000     9.2548   3.751351     1.7867     0.0212     0.1259    6.42124    35.0485     4.5648     71.145 0.0000e+00
    179.000     9.1455   3.737959     1.7891     0.0232     0.1290    6.43827    35.0157     4.5855     71.280 0.0000e+00
    180.000     8.9675   3.719680     1.7921     0.0329     0.1279    6.46463    34.9990     4.6241     71.592 0.0000e+00
    181.000     8.9011   3.712955     1.7957     0.0351     0.1262    6.47450    34.9933     4.6409     71.743 0.0000e+00
    182.000     8.8835   3.710900     1.7974     0.0355     0.1252    6.47724    34.9885     4.6402     71.702 0.0000e+00
    183.000     8.8484   3.707191     1.7994     0.0337     0.1321    6.48255    34.9836     4.6459     71.732 0.0000e+00
    184.000     8.7781   3.698709     1.8006     0.0309     0.1323    6.49366    34.9633     4.6442     71.585 0.0000e+00
    185.000     8.6903   3.690370     1.7993     0.0253     0.1287    6.50655    34.9614     4.6368     71.332 0.0000e+00
    186.000     8.6886   3.690124     1.7967     0.0255     0.1284    6.50686    34.9600     4.6429     71.422 0.0000e+00
    187.000     8.6083   3.681104     1.7986     0.0308     0.1277    6.51933    34.9436     4.7004     72.169 0.0000e+00
    188.000     8.5268   3.672813     1.8053     0.0244     0.1252    6.53165    34.9359     4.7827     73.297 0.0000e+00
    189.000     8.4602   3.666677     1.8152     0.0378     0.1301    6.54148    34.9364     4.8552     74.297 0.0000e+00
    190.000     8.4485   3.663736     1.8260     0.0243     0.1323    6.54406    34.9162     4.9027     74.994 0.0000e+00
    191.000     8.2267   3.640064     1.8361     0.0159     0.1312    6.57842    34.8836     4.9623     75.514 0.0000e+00
    192.000     8.1627   3.636074     1.8461     0.0196     0.1263    6.58711    34.9041     4.9857     75.774 0.0000e+00
    193.000     7.9732   3.610936     1.8548     0.0268     0.1262    6.61909    34.8228     4.9990     75.612 0.0000e+00
    194.000     7.7277   3.586955     1.8585     0.0199     0.1253    6.65695    34.8086     5.0062     75.297 0.0000e+00
    195.000     7.6297   3.577322     1.8619     0.0246     0.1275    6.67222    34.8019     5.0113     75.204 0.0000e+00
    196.000     7.6524   3.579192     1.8697     0.0351     0.1317    6.66887    34.7989     5.1182     76.846 0.0000e+00
    197.000     7.5831   3.571880     1.8863     0.0375     0.1333    6.67994    34.7885     5.2240     78.306 0.0000e+00
    198.000     7.5477   3.567475     1.8973     0.0258     0.1270    6.68593    34.7756     5.2525     78.663 0.0000e+00
    199.000     7.3735   3.547383     1.9076     0.0180     0.1409    6.71479    34.7311     5.2971     78.995 0.0000e+00
    200.000     7.0172   3.511417     1.9170     0.0302     0.1392    6.77201    34.6948     5.3640     79.325 0.0000e+00
    201.000     6.8616   3.496210     1.9252     0.0248     0.1341    6.79704    34.6837     5.3908     79.432 0.0000e+00
    202.000     6.7737   3.486894     1.9311     0.0290     0.1323    6.81163    34.6690     5.4165     79.642 0.0000e+00
    203.000     6.7197   3.480482     1.9370     0.0443     0.1383    6.82097    34.6521     5.4574     80.135 0.0000e+00
    204.000     6.6050   3.469524     1.9435     0.0559     0.1384    6.83957    34.6460     5.4852     80.328 0.0000e+00
    205.000     6.5194   3.461306     1.9462     0.0385     0.1435    6.85354    34.6409     5.4277     79.326 0.0000e+00
    206.000     6.4515   3.454184     1.9420     0.0397     0.1459    6.86497    34.6299     5.4526     79.560 0.0000e+00
    207.000     6.4876   3.456345     1.9670     0.0404     0.1342    6.85977    34.6167     5.6023     81.804 0.0000e+00
    208.000     6.1267   3.417745     1.9688     0.0373     0.1444    6.92128    34.5508     5.6386     81.611 0.0000e+00
    209.000     5.8988   3.396119     1.9724     0.0415     0.1410    6.95926    34.5389     5.6999     82.056 0.0000e+00
    210.000     5.8328   3.390400     1.9762     0.0482     0.1404    6.97005    34.5411     5.7394     82.499 0.0000e+00
    211.000     5.7975   3.387239     1.9810     0.0416     0.1446    6.97592    34.5409     5.7683     82.845 0.0000e+00
    212.000     5.7711   3.384275     1.9867     0.0371     0.1432    6.98062    34.5337     5.7959     83.186 0.0000e+00
    213.000     5.7110   3.378657     1.9926     0.0373     0.1414    6.99074    34.5310     5.8028     83.166 0.0000e+00
    214.000     5.6705   3.375005     1.9956     0.0373     0.1446    6.99751    34.5304     5.7812     82.778 0.0000e+00
    215.000     5.5636   3.363688     1.9987     0.0401     0.1398    7.01629    34.5107     5.7879     82.655 0.0000e+00
    216.000     5.5164   3.359094     2.0025     0.0350     0.1333    7.02442    34.5061     5.8218     83.044 0.0000e+00
    217.000     5.4891   3.355189     2.0036     0.0373     0.1323    7.02980    34.4891     5.8430     83.283 0.0000e+00
    218.000     5.4262   3.349776     2.0051     0.0400     0.1323    7.04029    34.4913     5.8685     83.524 0.0000e+00
    219.000     5.4224   3.349495     2.0077     0.0480     0.1382    7.04091    34.4914     5.8792     83.669 0.0000e+00
    220.000     5.4133   3.348525     2.0093     0.0510     0.1413    7.04255    34.4891     5.8802     83.665 0.0000e+00
    221.000     5.3721   3.343656     2.0110     0.0592     0.1481    7.05016    34.4753     5.8906     83.724 0.0000e+00
    222.000     5.3222   3.339586     2.0124     0.0659     0.1506    7.05840    34.4794     5.9025     83.796 0.0000e+00
    223.000     5.2542   3.332271     2.0143     0.0559     0.1452    7.07061    34.4648     5.9055     83.695 0.0000e+00
    224.000     5.2202   3.329846     2.0135     0.0528     0.1411    7.07608    34.4715     5.8937     83.465 0.0000e+00
    225.000     5.2688   3.334087     1.9984     0.0604     0.1442    7.06791    34.4696     5.7484     81.501 0.0000e+00
    226.000     5.2092   3.328267     1.9926     0.0563     0.1462    7.07832    34.4636     5.7431     81.307 0.0000e+00
    227.000     5.2094   3.330119     1.9896     0.0475     0.1511    7.07733    34.4842     5.7427     81.313 0.0000e+00
    228.000     5.3338   3.344258     1.9866     0.0462     0.1506    7.05466    34.5179     5.7306     81.398 0.0000e+00
    229.000     5.4323   3.353370     1.9846     0.0483     0.1506    7.03791    34.5204     5.7252     81.512 0.0000e+00
    230.000     5.4521   3.354916     1.9823     0.0531     0.1488    7.03472    34.5172     5.7245     81.539 0.0000e+00
    231.000     5.4476   3.354608     1.9808     0.0369     0.1344    7.03545    34.5178     5.7341     81.667 0.0000e+00
    232.000     5.4427   3.354208     1.9808     0.0428     0.1395    7.03628    34.5178     5.7495     81.876 0.0000e+00
    233.000     5.4433   3.354294     1.9778     0.0578     0.1563    7.03618    34.5176     5.7130     81.359 0.0000e+00
    234.000     5.4447   3.354508     1.9693     0.0575     0.1597    7.03593    34.5181     5.6011     79.768 0.0000e+00
    235.000     5.5158   3.365556     1.9602     0.0508     0.1454    7.02156    34.5707     5.4798     78.198 0.0000e+00
    236.000     5.6650   3.378127     1.9482     0.0598     0.1444    6.99706    34.5603     5.3797     77.034 0.0000e+00
    237.000     5.6624   3.377956     1.9340     0.0500     0.1404    6.99749    34.5605     5.3198     76.172 0.0000e+00
    238.000     5.6672   3.378801     1.9210     0.0484     0.1385    6.99649    34.5646     5.2916     75.778 0.0000e+00
    239.000     5.7071   3.383955     1.9098     0.0483     0.1435    6.98906    34.5818     5.2956     75.916 0.0000e+00
    240.000     5.8959   3.407739     1.9029     0.0392     0.1508    6.95438    34.6573     5.3097     76.495 0.0000e+00
    241.000     6.1167   3.428563     1.9002     0.0373     0.1446    6.91768    34.6659     5.3004     76.758 0.0000e+00
    242.000     6.1884   3.435721     1.8929     0.0410     0.1367    6.90567    34.6728     5.2543     76.220 0.0000e+00
    243.000     6.1548   3.432760     1.8807     0.0344     0.1334    6.91115    34.6733     5.2644     76.308 0.0000e+00
    244.000     6.2305   3.439870     1.8803     0.0373     0.1323    6.89870    34.6754     5.2752     76.601 0.0000e+00
    245.000     6.1977   3.436949     1.8814     0.0373     0.1368    6.90403    34.6755     5.2779     76.582 0.0000e+00
    246.000     6.1702   3.434156     1.8805     0.0324     0.1385    6.90868    34.6717     5.2408     75.993 0.0000e+00
    247.000     6.1500   3.432515     1.8754     0.0357     0.1331    6.91190    34.6734     5.1859     75.161 0.0000e+00
    248.000     6.1376   3.431109     1.8684     0.0372     0.1422    6.91409    34.6697     5.1616     74.787 0.0000e+00
    249.000     6.1283   3.430931     1.8633     0.0373     0.1445    6.91529    34.6767     5.1702     74.899 0.0000e+00
    250.000     6.2199   3.440926     1.8597     0.0373     0.1400    6.89955    34.6950     5.1436     74.681 0.0000e+00
    251.000     6.3758   3.457629     1.8517     0.0346     0.1370    6.87303    34.7226     5.0802     74.041 0.0000e+00
    252.000     6.3572   3.455163     1.8406     0.0385     0.1372    6.87643    34.7134     5.0170     73.084 0.0000e+00
    253.000     6.4648   3.468162     1.8286     0.0206     0.1409    6.85754    34.7486     4.9718     72.623 0.0000e+00
    254.000     6.5483   3.475215     1.8212     0.0153     0.1433    6.84440    34.7418     4.9676     72.698 0.0000e+00
    255.000     6.6594   3.488192     1.8169     0.0243     0.1318    6.82525    34.7727     4.9691     72.922 0.0000e+00
    256.000     6.6780   3.489786     1.8166     0.0380     0.1363    6.82235    34.7710     4.9875     73.222 0.0000e+00
    257.000     6.6267   3.484472     1.8178     0.0373     0.1376    6.83087    34.7635     4.9999     73.314 0.0000e+00
    258.000     6.5926   3.481386     1.8178     0.0336     0.1302    6.83632    34.7633     4.9922     73.144 0.0000e+00
    259.000     6.5744   3.479982     1.8170     0.0240     0.1324    6.83914    34.7657     4.9835     72.987 0.0000e+00
    260.000     6.5442   3.476234     1.8156     0.0231     0.1323    6.84449    34.7542     4.9871     72.982 0.0000e+00
    261.000     6.5480   3.477515     1.8145     0.0352     0.1317    6.84344    34.7641     4.9783     72.866 0.0000e+00
    262.000     6.5964   3.482298     1.8134     0.0373     0.1329    6.83553    34.7676     4.9915     73.143 0.0000e+00
