tests/test1_good/PLA19E002.cnv
* Sea-Bird SBE25 Data File:
* FileName = D:\Campañas NAFO\Platuxa19\PLA19E002.hex
* Software Version 1.59
* Temperature SN = 5117
* Conductivity SN = 3687
* System UpLoad Time = Jun 08 2019 17:39:38
** Ship: Vizconde de Eza
** Cruise: PLATUXA19
** Station:PLA19E002
** Haul:2
** Latitude:4307941
** Longitude:-4971731
** Date:08/06/2019
** Time UTC:17:10
** Depth:720
# nquan = 11
# nvalues = 1389                        
# units = specified
# name 0 = prSM: Pressure, Strain Gauge [db]
# name 1 = t090C: Temperature [ITS-90, deg C]
# name 2 = c0S/m: Conductivity [S/m]
# name 3 = sbeox0V: Oxygen raw, SBE 43 [V]
# name 4 = flECO-AFL: Fluorescence, WET Labs ECO-AFL/FL [mg/m^3]
# name 5 = turbWETntu0: Turbidity, WET Labs ECO [NTU]
# name 6 = oxsatML/L: Oxygen Saturation, Weiss [ml/l]
# name 7 = sal00: Salinity, Practical [PSU]
# name 8 = sbeox0ML/L: Oxygen, SBE 43 [ml/l], WS = 2
# name 9 = sbeox0PS: Oxygen, SBE 43 [% saturation], WS = 2
# name 10 = flag: flag
# span 0 =      1.000,    695.000       
# span 1 =     3.4446,    10.1401       
# span 2 =   3.179150,   3.802047       
# span 3 =     1.7690,     2.7196       
# span 4 =     0.0043,     3.5770       
# span 5 =     0.1134,     3.1052       
# span 6 =    6.30799,    7.38898       
# span 7 =    32.5920,    35.0557       
# span 8 =     4.4675,     7.9744       
# span 9 =     69.586,    117.241       
# span 10 = 0.0000e+00, 0.0000e+00      
# interval = decibars: 1                
# start_time = Jun 08 2019 17:02:43 [Instrument's time stamp, header]
# bad_flag = -9.990e-29
*END*
[from data line 919]
    470.000     3.6416   3.219483     2.0881     0.0484     0.1507    7.34289    34.6981     6.6252     90.473 0.0000e+00
    469.000     3.6402   3.219267     2.0872     0.0483     0.1594    7.34318    34.6976     6.6190     90.385 0.0000e+00
    468.000     3.6392   3.219102     2.0868     0.0483     0.1626    7.34338    34.6972     6.6201     90.396 0.0000e+00
    467.000     3.6389   3.219013     2.0868     0.0380     0.1556    7.34344    34.6969     6.6199     90.392 0.0000e+00
    466.000     3.6389   3.218935     2.0863     0.0373     0.1507    7.34346    34.6966     6.6101     90.259 0.0000e+00
    465.000     3.6398   3.218870     2.0853     0.0402     0.1528    7.34336    34.6954     6.6134     90.305 0.0000e+00
    464.000     3.6418   3.218825     2.0856     0.0388     0.1560    7.34310    34.6933     6.6202     90.400 0.0000e+00
    463.000     3.6428   3.218776     2.0856     0.0260     0.1505    7.34297    34.6921     6.6200     90.400 0.0000e+00
    462.000     3.6429   3.218725     2.0856     0.0456     0.1506    7.34296    34.6919     6.6187     90.383 0.0000e+00
    461.000     3.6427   3.218676     2.0858     0.0522     0.1506    7.34299    34.6921     6.6174     90.364 0.0000e+00
    460.000     3.6424   3.218627     2.0856     0.0282     0.1506    7.34303    34.6924     6.6150     90.331 0.0000e+00
    459.000     3.6428   3.218497     2.0856     0.0351     0.1709    7.34303    34.6910     6.6152     90.334 0.0000e+00
    458.000     3.6430   3.218371     2.0856     0.0402     0.1674    7.34304    34.6897     6.6145     90.323 0.0000e+00
    457.000     3.6431   3.218286     2.0856     0.0373     0.1567    7.34306    34.6892     6.6136     90.312 0.0000e+00
    456.000     3.6434   3.218234     2.0853     0.0417     0.1602    7.34302    34.6887     6.6051     90.195 0.0000e+00
    455.000     3.6445   3.218189     2.0844     0.0413     0.1566    7.34288    34.6876     6.6000     90.128 0.0000e+00
    454.000     3.6477   3.218243     2.0832     0.0373     0.1506    7.34241    34.6854     6.5922     90.027 0.0000e+00
    453.000     3.6488   3.218200     2.0832     0.0427     0.1566    7.34227    34.6842     6.5969     90.094 0.0000e+00
    452.000     3.6493   3.218162     2.0830     0.0530     0.1567    7.34219    34.6838     6.5887     89.981 0.0000e+00
    451.000     3.6505   3.218126     2.0820     0.0469     0.1567    7.34204    34.6827     6.5847     89.928 0.0000e+00
    450.000     3.6514   3.218090     2.0818     0.0376     0.1516    7.34191    34.6818     6.5808     89.877 0.0000e+00
    449.000     3.6523   3.218067     2.0803     0.0465     0.1502    7.34178    34.6810     6.5673     89.695 0.0000e+00
    448.000     3.6548   3.218104     2.0778     0.0310     0.1442    7.34141    34.6794     6.5527     89.499 0.0000e+00
    447.000     3.6662   3.218766     2.0764     0.0374     0.1445    7.33951    34.6757     6.5483     89.462 0.0000e+00
    446.000     3.6769   3.219368     2.0754     0.0245     0.1445    7.33775    34.6721     6.5423     89.401 0.0000e+00
    445.000     3.6793   3.219509     2.0746     0.0217     0.1519    7.33733    34.6718     6.5471     89.471 0.0000e+00
    444.000     3.6810   3.219586     2.0746     0.0469     0.1687    7.33704    34.6715     6.5470     89.474 0.0000e+00
    443.000     3.6817   3.219592     2.0735     0.0483     0.1647    7.33692    34.6713     6.5385     89.359 0.0000e+00
    442.000     3.6830   3.219553     2.0734     0.0391     0.1628    7.33675    34.6700     6.5453     89.453 0.0000e+00
    441.000     3.6836   3.219428     2.0734     0.0444     0.1628    7.33672    34.6684     6.5439     89.436 0.0000e+00
    440.000     3.6837   3.219305     2.0734     0.0480     0.1523    7.33675    34.6674     6.5357     89.323 0.0000e+00
    439.000     3.6833   3.219165     2.0723     0.0356     0.1489    7.33686    34.6667     6.5333     89.288 0.0000e+00
    438.000     3.6826   3.219031     2.0722     0.0499     0.1549    7.33700    34.6663     6.5325     89.275 0.0000e+00
    437.000     3.6838   3.218996     2.0711     0.0483     0.1398    7.33684    34.6652     6.5116     88.991 0.0000e+00
    436.000     3.6871   3.218981     2.0697     0.0428     0.1491    7.33639    34.6620     6.5062     88.924 0.0000e+00
    435.000     3.6875   3.218913     2.0695     0.0374     0.1518    7.33635    34.6613     6.5098     88.974 0.0000e+00
    434.000     3.6900   3.218976     2.0686     0.0275     0.1562    7.33597    34.6600     6.5039     88.897 0.0000e+00
    433.000     3.6955   3.219311     2.0685     0.0288     0.1539    7.33503    34.6587     6.5027     88.892 0.0000e+00
    432.000     3.7028   3.219771     2.0673     0.0335     0.1447    7.33379    34.6570     6.5002     88.873 0.0000e+00
    431.000     3.7055   3.219938     2.0673     0.0270     0.1347    7.33332    34.6567     6.5013     88.893 0.0000e+00
    430.000     3.7094   3.220227     2.0655     0.0419     0.1587    7.33262    34.6566     6.4904     88.753 0.0000e+00
    429.000     3.7132   3.220493     2.0643     0.0486     0.1422    7.33195    34.6562     6.4724     88.514 0.0000e+00
    428.000     3.7147   3.220567     2.0627     0.0373     0.1323    7.33168    34.6561     6.4576     88.315 0.0000e+00
    427.000     3.7205   3.221007     2.0614     0.0373     0.1323    7.33064    34.6557     6.4459     88.167 0.0000e+00
    426.000     3.7281   3.221557     2.0607     0.0423     0.1379    7.32931    34.6547     6.4302     87.968 0.0000e+00
    425.000     3.7359   3.222201     2.0574     0.0583     0.1384    7.32790    34.6547     6.4146     87.771 0.0000e+00
    424.000     3.7537   3.223759     2.0564     0.0531     0.1418    7.32467    34.6550     6.4141     87.803 0.0000e+00
    423.000     3.7735   3.225598     2.0546     0.0483     0.1506    7.32101    34.6565     6.4145     87.851 0.0000e+00
    422.000     3.7912   3.227234     2.0535     0.0483     0.1594    7.31775    34.6578     6.4121     87.858 0.0000e+00
    421.000     3.8134   3.229304     2.0522     0.0375     0.1480    7.31365    34.6595     6.4125     87.911 0.0000e+00
    420.000     3.8237   3.230253     2.0503     0.0314     0.1475    7.31175    34.6605     6.3965     87.714 0.0000e+00
    419.000     3.8244   3.230265     2.0492     0.0424     0.1505    7.31163    34.6604     6.3926     87.663 0.0000e+00
    418.000     3.8265   3.230442     2.0490     0.0372     0.1506    7.31123    34.6608     6.3883     87.608 0.0000e+00
    417.000     3.8287   3.230572     2.0476     0.0373     0.1455    7.31084    34.6606     6.3768     87.455 0.0000e+00
    416.000     3.8381   3.231450     2.0468     0.0438     0.1445    7.30910    34.6617     6.3743     87.442 0.0000e+00
    415.000     3.8505   3.232481     2.0465     0.0378     0.1445    7.30688    34.6614     6.3716     87.430 0.0000e+00
    414.000     3.8598   3.233225     2.0456     0.0373     0.1445    7.30522    34.6608     6.3673     87.390 0.0000e+00
    413.000     3.8646   3.233667     2.0451     0.0514     0.1396    7.30433    34.6617     6.3633     87.346 0.0000e+00
    412.000     3.8735   3.234334     2.0442     0.0414     0.1467    7.30277    34.6607     6.3621     87.348 0.0000e+00
    411.000     3.8791   3.234770     2.0427     0.0389     0.1514    7.30177    34.6605     6.3547     87.259 0.0000e+00
    410.000     3.8795   3.234761     2.0414     0.0263     0.1324    7.30170    34.6605     6.3424     87.090 0.0000e+00
    409.000     3.8833   3.235029     2.0404     0.0309     0.1386    7.30103    34.6602     6.3338     86.980 0.0000e+00
    408.000     3.8905   3.235545     2.0394     0.0373     0.1435    7.29977    34.6592     6.3273     86.905 0.0000e+00
    407.000     3.8991   3.236201     2.0385     0.0457     0.1386    7.29826    34.6585     6.3252     86.894 0.0000e+00
    406.000     3.9059   3.236675     2.0379     0.0375     0.1384    7.29708    34.6574     6.3244     86.897 0.0000e+00
    405.000     3.9133   3.237301     2.0373     0.0345     0.1422    7.29575    34.6576     6.3203     86.856 0.0000e+00
    404.000     3.9181   3.237320     2.0362     0.0291     0.1458    7.29510    34.6533     6.3091     86.710 0.0000e+00
    403.000     3.9184   3.237107     2.0341     0.0375     0.1341    7.29517    34.6510     6.2912     86.462 0.0000e+00
    402.000     3.9229   3.237290     2.0318     0.0373     0.1369    7.29445    34.6489     6.2787     86.299 0.0000e+00
    401.000     3.9327   3.237641     2.0298     0.0559     0.1398    7.29297    34.6434     6.2837     86.385 0.0000e+00
    400.000     3.9412   3.238258     2.0294     0.0548     0.1482    7.29149    34.6422     6.2958     86.568 0.0000e+00
    399.000     3.9409   3.238131     2.0305     0.0452     0.1468    7.29158    34.6416     6.3122     86.794 0.0000e+00
    398.000     3.9165   3.235317     2.0318     0.0452     0.1621    7.29630    34.6344     6.3154     86.782 0.0000e+00
    397.000     3.8905   3.232794     2.0325     0.0369     0.1371    7.30108    34.6324     6.3224     86.822 0.0000e+00
    396.000     3.8693   3.230385     2.0336     0.0373     0.1415    7.30518    34.6267     6.3310     86.892 0.0000e+00
    395.000     3.8655   3.229917     2.0345     0.0373     0.1481    7.30590    34.6256     6.3275     86.836 0.0000e+00
    394.000     3.8618   3.229480     2.0349     0.0373     0.1483    7.30661    34.6249     6.3299     86.860 0.0000e+00
    393.000     3.8565   3.228768     2.0355     0.0398     0.1500    7.30768    34.6225     6.3265     86.800 0.0000e+00
    392.000     3.8466   3.227327     2.0355     0.0414     0.1514    7.30976    34.6163     6.3313     86.843 0.0000e+00
    391.000     3.8381   3.226055     2.0365     0.0376     0.1409    7.31157    34.6107     6.3379     86.911 0.0000e+00
    390.000     3.8356   3.225575     2.0367     0.0428     0.1384    7.31214    34.6081     6.3230     86.701 0.0000e+00
    389.000     3.8327   3.225118     2.0354     0.0371     0.1539    7.31276    34.6063     6.3168     86.608 0.0000e+00
    388.000     3.8272   3.224252     2.0352     0.0496     0.1479    7.31394    34.6024     6.3158     86.581 0.0000e+00
    387.000     3.8295   3.223706     2.0338     0.0384     0.1391    7.31393    34.5940     6.3048     86.430 0.0000e+00
    386.000     3.8350   3.223819     2.0303     0.0373     0.1384    7.31313    34.5900     6.2729     86.002 0.0000e+00
    385.000     3.8365   3.223912     2.0288     0.0373     0.1384    7.31286    34.5901     6.2646     85.891 0.0000e+00
    384.000     3.8594   3.225911     2.0270     0.0373     0.1429    7.30873    34.5903     6.2492     85.727 0.0000e+00
    383.000     3.8819   3.227674     2.0254     0.0373     0.1445    7.30478    34.5881     6.2457     85.725 0.0000e+00
    382.000     3.8968   3.228849     2.0245     0.0373     0.1415    7.30215    34.5868     6.2498     85.812 0.0000e+00
    381.000     3.8984   3.228930     2.0245     0.0373     0.1358    7.30188    34.5866     6.2491     85.806 0.0000e+00
    380.000     3.9038   3.229454     2.0228     0.0440     0.1419    7.30085    34.5877     6.2404     85.698 0.0000e+00
    379.000     3.8947   3.228393     2.0217     0.0318     0.1401    7.30261    34.5853     6.2508     85.820 0.0000e+00
    378.000     3.8814   3.226890     2.0221     0.0372     0.1402    7.30516    34.5819     6.2596     85.911 0.0000e+00
    377.000     3.8801   3.226739     2.0221     0.0373     0.1367    7.30540    34.5820     6.2554     85.851 0.0000e+00
    376.000     3.8824   3.226911     2.0223     0.0333     0.1379    7.30497    34.5822     6.2634     85.965 0.0000e+00
    375.000     3.8837   3.227023     2.0235     0.0279     0.1405    7.30472    34.5827     6.2749     86.127 0.0000e+00
    374.000     3.8846   3.226919     2.0245     0.0308     0.1371    7.30463    34.5810     6.2760     86.142 0.0000e+00
    373.000     3.8566   3.223982     2.0250     0.0374     0.1384    7.30991    34.5761     6.2791     86.123 0.0000e+00
    372.000     3.8410   3.222505     2.0257     0.0373     0.1326    7.31275    34.5755     6.2820     86.131 0.0000e+00
    371.000     3.8335   3.221686     2.0257     0.0348     0.1268    7.31418    34.5743     6.2830     86.128 0.0000e+00
    370.000     3.8266   3.220967     2.0263     0.0264     0.1307    7.31545    34.5735     6.2868     86.165 0.0000e+00
    369.000     3.8187   3.220107     2.0270     0.0263     0.1512    7.31695    34.5721     6.2858     86.134 0.0000e+00
    368.000     3.8130   3.219512     2.0281     0.0477     0.1464    7.31801    34.5716     6.2909     86.191 0.0000e+00
    367.000     3.8185   3.220190     2.0305     0.0305     0.1443    7.31687    34.5744     6.3089     86.452 0.0000e+00
    366.000     3.8185   3.219949     2.0306     0.0207     0.1445    7.31699    34.5721     6.3072     86.427 0.0000e+00
    365.000     3.7918   3.216728     2.0314     0.0156     0.1407    7.32228    34.5623     6.3103     86.408 0.0000e+00
    364.000     3.7632   3.214011     2.0319     0.0153     0.1270    7.32754    34.5607     6.3155     86.418 0.0000e+00
    363.000     3.7465   3.212407     2.0319     0.0085     0.1262    7.33061    34.5597     6.3181     86.417 0.0000e+00
    362.000     3.7405   3.211863     2.0319     0.0252     0.1300    7.33168    34.5601     6.3164     86.382 0.0000e+00
    361.000     3.7396   3.211704     2.0330     0.0567     0.1378    7.33186    34.5597     6.3197     86.426 0.0000e+00
    360.000     3.7402   3.211724     2.0331     0.0486     0.1384    7.33174    34.5598     6.3161     86.377 0.0000e+00
    359.000     3.7380   3.211292     2.0348     0.0270     0.1422    7.33225    34.5575     6.3273     86.525 0.0000e+00
    358.000     3.7105   3.208360     2.0371     0.0187     0.1414    7.33751    34.5522     6.3457     86.714 0.0000e+00
    357.000     3.6906   3.206166     2.0380     0.0266     0.1383    7.34134    34.5474     6.3596     86.861 0.0000e+00
    356.000     3.6634   3.203199     2.0394     0.0263     0.1418    7.34659    34.5412     6.3732     86.985 0.0000e+00
    355.000     3.6458   3.201377     2.0405     0.0263     0.1448    7.34993    34.5386     6.3868     87.131 0.0000e+00
    354.000     3.6361   3.200182     2.0420     0.0263     0.1399    7.35186    34.5351     6.3932     87.195 0.0000e+00
    353.000     3.6226   3.198610     2.0433     0.0374     0.1384    7.35452    34.5311     6.3949     87.188 0.0000e+00
    352.000     3.6018   3.196329     2.0441     0.0373     0.1384    7.35854    34.5263     6.3936     87.123 0.0000e+00
    351.000     3.5785   3.193848     2.0447     0.0373     0.1326    7.36302    34.5218     6.3981     87.131 0.0000e+00
    350.000     3.5595   3.191746     2.0455     0.0373     0.1323    7.36672    34.5172     6.4093     87.242 0.0000e+00
    349.000     3.5360   3.189297     2.0488     0.0305     0.1345    7.37120    34.5132     6.4183     87.311 0.0000e+00
    348.000     3.5178   3.187334     2.0515     0.0373     0.1323    7.37472    34.5094     6.4282     87.405 0.0000e+00
    347.000     3.5062   3.185806     2.0521     0.0401     0.1323    7.37711    34.5039     6.4277     87.371 0.0000e+00
    346.000     3.4755   3.182524     2.0527     0.0371     0.1339    7.38305    34.4975     6.4335     87.380 0.0000e+00
    345.000     3.4576   3.180747     2.0527     0.0373     0.1395    7.38644    34.4957     6.4285     87.272 0.0000e+00
    344.000     3.4494   3.179851     2.0530     0.0373     0.1444    7.38801    34.4941     6.4275     87.241 0.0000e+00
    343.000     3.4489   3.179719     2.0527     0.0373     0.1445    7.38814    34.4937     6.4241     87.192 0.0000e+00
    342.000     3.4461   3.179282     2.0527     0.0373     0.1445    7.38874    34.4919     6.4273     87.230 0.0000e+00
    341.000     3.4446   3.179150     2.0532     0.0373     0.1445    7.38898    34.4924     6.4387     87.381 0.0000e+00
