tests/test4_preprocessing/c001.cnv
* Sea-Bird SBE25 Data File:
* FileName = C:\Users\CAU\Desktop\DEMERSALES 0920\c001.hex
* Software Version 1.59
* Temperature SN = 4959
* Conductivity SN = 3516
* System UpLoad Time = Sep 17 2020 13:15:13
** Ship: B/O: Miguel Oliver
** Cruise: DEMERSALES 0920
** Station:c001
** Date:17/09/2020
** Time (GMT/local):13:02
** Latitude:42 03.091 N
** Longitude:008 59.485 W
** Depth (m):105
** Operador:Chapela
# nquan = 7
# nvalues = 3934                                  
# units = specified
# name 0 = prSM: Pressure, Strain Gauge [db]
# name 1 = depSM: Depth [salt water, m], lat = 36.00
# name 2 = t090C: Temperature [ITS-90, deg C]
# name 3 = c0S/m: Conductivity [S/m]
# name 4 = sbeox0ML/L: Oxygen, SBE 43 [ml/l]
# name 5 = flECO-AFL: Fluorescence, WET Labs ECO-AFL/FL [mg/m^3]
# name 6 = flag:  0.000e+00
# span 0 =     -1.597,     99.421                 
# span 1 =     -1.585,     98.671                 
# span 2 =    12.9858,    17.9378                 
# span 3 =   0.235212,   4.675600                 
# span 4 =     2.6452,     7.1491                 
# span 5 =    -0.1073,     3.5435                 
# span 6 = 0.0000e+00, 0.0000e+00                 
# interval = seconds: 0.125
# start_time = Sep 17 2020 13:02:09 [Instrument's time stamp, header]
# bad_flag = -9.990e-29
*END*
[from data line 821]
      0.251      0.250    17.8518   4.624509     5.1581     0.6131  0.000e+00
      0.251      0.250    17.8440   4.624379     5.1689     0.6253  0.000e+00
      0.251      0.250    17.8429   4.623953     5.1507     0.6131  0.000e+00
     -0.365     -0.362    17.8364   4.623966     5.1410     0.6009  0.000e+00
     -0.365     -0.362    17.8216   4.623307     5.1656     0.6131  0.000e+00
     -0.365     -0.362    17.8185   4.622880     5.1510     0.6009  0.000e+00
      0.251      0.250    17.8128   4.622538     5.1496     0.6009  0.000e+00
     -0.365     -0.362    17.8083   4.622111     5.1681     0.6131  0.000e+00
     -0.365     -0.362    17.8117   4.621943     5.1464     0.6009  0.000e+00
     -0.365     -0.362    17.8119   4.622111     5.1318     0.6131  0.000e+00
     -0.365     -0.362    17.8128   4.622021     5.1255     0.5887  0.000e+00
     -0.365     -0.362    17.8269   4.622544     5.1388     0.5887  0.000e+00
     -0.365     -0.362    17.8303   4.624082     5.1217     0.6009  0.000e+00
     -0.365     -0.362    17.8157   4.623191     5.1217     0.6009  0.000e+00
     -0.365     -0.362    17.8187   4.622751     5.1159     0.5887  0.000e+00
      0.251      0.250    17.8227   4.622965     5.1193     0.6131  0.000e+00
     -0.365     -0.362    17.8471   4.624082     5.1220     0.5887  0.000e+00
     -0.365     -0.362    17.8398   4.625342     5.1304     0.5887  0.000e+00
      0.251      0.250    17.8454   4.624205     5.1306     0.6009  0.000e+00
      0.251      0.250    17.8444   4.624741     5.1106     0.5765  0.000e+00
      0.251      0.250    17.8511   4.625452     5.1173     0.5765  0.000e+00
      0.251      0.250    17.8583   4.625581     5.1514     0.6009  0.000e+00
      0.251      0.250    17.8575   4.626267     5.1289     0.5765  0.000e+00
      0.251      0.250    17.8579   4.625963     5.1217     0.5765  0.000e+00
      0.251      0.250    17.8665   4.626396     5.1529     0.5887  0.000e+00
      0.868      0.861    17.8709   4.626894     5.1888     0.5765  0.000e+00
      0.251      0.250    17.8723   4.627120     5.2129     0.5887  0.000e+00
      0.251      0.250    17.8699   4.627120     5.2159     0.5643  0.000e+00
      0.251      0.250    17.8573   4.626777     5.2091     0.5887  0.000e+00
      0.251      0.250    17.8594   4.626435     5.1997     0.6131  0.000e+00
      0.251      0.250    17.8429   4.624806     5.2003     0.6009  0.000e+00
      0.868      0.861    17.8667   4.625620     5.1872     0.5887  0.000e+00
      0.868      0.861    17.8080   4.623993     5.2217     0.6131  0.000e+00
      0.251      0.250    17.7649   4.621298     5.2415     0.5887  0.000e+00
      0.868      0.861    17.7843   4.619244     5.2493     0.5887  0.000e+00
      0.868      0.861    17.8039   4.621085     5.2573     0.6009  0.000e+00
      0.868      0.861    17.7524   4.619070     5.2342     0.5765  0.000e+00
      0.868      0.861    17.7210   4.616054     5.2056     0.5887  0.000e+00
      0.868      0.861    17.7357   4.613258     5.2280     0.6009  0.000e+00
      0.868      0.861    17.8023   4.617616     5.2585     0.5887  0.000e+00
      0.868      0.861    17.8126   4.620955     5.2056     0.6009  0.000e+00
      0.868      0.861    17.7714   4.620355     5.2372     0.6009  0.000e+00
      0.868      0.861    17.7335   4.618030     5.2277     0.5887  0.000e+00
      0.251      0.250    17.7573   4.617125     5.2030     0.6131  0.000e+00
      0.868      0.861    17.7347   4.616829     5.1944     0.5765  0.000e+00
      0.868      0.861    17.7184   4.615537     5.1862     0.6009  0.000e+00
      0.868      0.861    17.7322   4.615066     5.1678     0.6131  0.000e+00
      0.868      0.861    17.7168   4.615008     5.1421     0.6009  0.000e+00
      0.868      0.861    17.7252   4.614285     5.1219     0.6009  0.000e+00
      0.868      0.861    17.7432   4.615311     5.1228     0.6131  0.000e+00
      0.868      0.861    17.7322   4.615653     5.1344     0.6009  0.000e+00
      0.868      0.861    17.7468   4.616138     5.1531     0.6009  0.000e+00
      0.251      0.250    17.7383   4.616351     5.1390     0.6131  0.000e+00
      0.251      0.250    17.7451   4.616183     5.1699     0.6131  0.000e+00
      0.251      0.250    17.7544   4.617468     5.1562     0.6131  0.000e+00
      0.251      0.250    17.7744   4.618242     5.1420     0.6253  0.000e+00
      0.251      0.250    17.7698   4.618972     5.1510     0.6131  0.000e+00
      0.251      0.250    17.7685   4.618598     5.1475     0.6253  0.000e+00
      0.251      0.250    17.7822   4.619069     5.1811     0.6253  0.000e+00
      0.251      0.250    17.7991   4.620180     5.1588     0.6131  0.000e+00
      0.251      0.250    17.8031   4.620742     5.1516     0.6253  0.000e+00
      0.251      0.250    17.8050   4.621382     5.1583     0.6131  0.000e+00
      0.251      0.250    17.8063   4.621466     5.1684     0.5765  0.000e+00
      0.251      0.250    17.8088   4.621724     5.1637     0.5887  0.000e+00
     -0.365     -0.362    17.8109   4.621943     5.1702     0.5765  0.000e+00
     -0.365     -0.362    17.8119   4.621937     5.1549     0.5765  0.000e+00
     -0.365     -0.362    17.8117   4.621982     5.1720     0.5887  0.000e+00
     -0.365     -0.362    17.8111   4.621989     5.1804     0.5643  0.000e+00
     -0.365     -0.362    17.8090   4.622021     5.1938     0.5765  0.000e+00
     -0.365     -0.362    17.8157   4.622111     5.2168     0.5887  0.000e+00
     -0.365     -0.362    17.8157   4.622363     5.2242     0.6009  0.000e+00
     -0.365     -0.362    17.8141   4.622279     5.2057     0.6009  0.000e+00
     -0.365     -0.362    17.8134   4.622247     5.2041     0.6131  0.000e+00
     -0.365     -0.362    17.8155   4.622195     5.2212     0.6009  0.000e+00
     -0.365     -0.362    17.8185   4.622454     5.2164     0.6131  0.000e+00
     -0.365     -0.362    17.8233   4.622667     5.2284     0.6131  0.000e+00
     -0.365     -0.362    17.8331   4.623177     5.2118     0.6009  0.000e+00
     -0.365     -0.362    17.8406   4.624224     5.1899     0.6253  0.000e+00
     -0.365     -0.362    17.8499   4.624890     5.1836     0.5887  0.000e+00
     -0.365     -0.362    17.8520   4.625277     5.2182     0.5887  0.000e+00
     -0.365     -0.362    17.8533   4.625665     5.2073     0.6009  0.000e+00
      0.251      0.250    17.8524   4.625452     5.2328     0.5887  0.000e+00
      0.251      0.250    17.8682   4.626247     5.1961     0.5887  0.000e+00
      0.251      0.250    17.8838   4.627721     5.1833     0.6009  0.000e+00
      0.251      0.250    17.8730   4.627895     5.1842     0.5887  0.000e+00
      0.251      0.250    17.8673   4.627210     5.1869     0.6009  0.000e+00
      0.251      0.250    17.8520   4.626305     5.2050     0.6009  0.000e+00
      0.251      0.250    17.8377   4.624593     5.1917     0.6253  0.000e+00
      0.251      0.250    17.8501   4.625019     5.1754     0.6375  0.000e+00
      0.251      0.250    17.8368   4.624787     5.1673     0.6375  0.000e+00
      0.251      0.250    17.8383   4.624425     5.1759     0.6253  0.000e+00
      0.251      0.250    17.8398   4.624438     5.1904     0.6375  0.000e+00
      0.868      0.861    17.8393   4.624509     5.1868     0.6375  0.000e+00
      0.251      0.250    17.8432   4.624612     5.1848     0.6253  0.000e+00
      0.251      0.250    17.8471   4.624935     5.1875     0.6375  0.000e+00
      0.868      0.861    17.8478   4.625194     5.1686     0.6131  0.000e+00
      0.868      0.861    17.8522   4.625362     5.1682     0.5887  0.000e+00
      0.868      0.861    17.8539   4.625666     5.1727     0.6009  0.000e+00
      0.868      0.861    17.8555   4.625879     5.1896     0.5887  0.000e+00
      0.868      0.861    17.8490   4.625621     5.1919     0.5887  0.000e+00
      0.868      0.861    17.8480   4.625278     5.2159     0.6009  0.000e+00
      0.868      0.861    17.8495   4.625343     5.2008     0.5887  0.000e+00
      0.868      0.861    17.8452   4.625239     5.2023     0.6009  0.000e+00
      0.868      0.861    17.8459   4.624981     5.2026     0.6009  0.000e+00
      0.868      0.861    17.8505   4.625239     5.2040     0.6131  0.000e+00
      0.868      0.861    17.8509   4.625323     5.1920     0.6375  0.000e+00
      0.868      0.861    17.8505   4.625388     5.2018     0.6375  0.000e+00
      0.868      0.861    17.8509   4.625362     5.2140     0.6253  0.000e+00
      0.868      0.861    17.8499   4.625407     5.2287     0.6497  0.000e+00
      0.868      0.861    17.8499   4.625362     5.2302     0.6253  0.000e+00
      0.868      0.861    17.8486   4.625278     5.2096     0.6253  0.000e+00
      0.868      0.861    17.8429   4.625045     5.2261     0.6375  0.000e+00
      0.868      0.861    17.8425   4.624806     5.2170     0.6253  0.000e+00
      0.868      0.861    17.8448   4.624852     5.1956     0.6253  0.000e+00
      0.251      0.250    17.8448   4.624935     5.2074     0.6375  0.000e+00
      0.868      0.861    17.8452   4.624981     5.2103     0.6253  0.000e+00
      0.868      0.861    17.8450   4.625084     5.2214     0.6375  0.000e+00
      0.868      0.861    17.8410   4.624936     5.2538     0.6375  0.000e+00
      0.868      0.861    17.8446   4.624890     5.2606     0.6253  0.000e+00
      0.251      0.250    17.8482   4.625110     5.2531     0.6375  0.000e+00
      0.251      0.250    17.8494   4.625194     5.2611     0.6253  0.000e+00
      0.251      0.250    17.8476   4.625174     5.2505     0.6375  0.000e+00
      0.868      0.861    17.8482   4.625149     5.2338     0.6497  0.000e+00
      0.251      0.250    17.8486   4.625194     5.2452     0.6375  0.000e+00
      0.251      0.250    17.8484   4.625194     5.2350     0.6375  0.000e+00
      0.251      0.250    17.8491   4.625278     5.2360     0.6619  0.000e+00
      0.251      0.250    17.8490   4.625213     5.2521     0.6375  0.000e+00
      0.251      0.250    17.8486   4.625278     5.2527     0.6375  0.000e+00
      0.251      0.250    17.8487   4.625278     5.2654     0.6497  0.000e+00
      0.251      0.250    17.8478   4.625194     5.2491     0.6375  0.000e+00
      0.251      0.250    17.8473   4.625065     5.2271     0.5765  0.000e+00
      0.251      0.250    17.8463   4.625045     5.2310     0.5887  0.000e+00
      0.251      0.250    17.8438   4.624890     5.2341     0.5765  0.000e+00
      0.251      0.250    17.8427   4.624722     5.2210     0.6009  0.000e+00
      0.251      0.250    17.8412   4.624767     5.2316     0.5887  0.000e+00
      0.251      0.250    17.8408   4.624722     5.2321     0.5765  0.000e+00
      0.251      0.250    17.8404   4.624677     5.2204     0.5887  0.000e+00
     -0.365     -0.362    17.8400   4.624638     5.2280     0.5765  0.000e+00
      0.251      0.250    17.8390   4.624528     5.2313     0.6253  0.000e+00
      0.251      0.250    17.8376   4.624380     5.2357     0.6375  0.000e+00
     -0.365     -0.362    17.8368   4.624399     5.2331     0.6253  0.000e+00
      0.251      0.250    17.8376   4.624380     5.2264     0.6253  0.000e+00
      0.251      0.250    17.8395   4.624334     5.2463     0.6375  0.000e+00
      0.251      0.250    17.8459   4.624806     5.2343     0.6253  0.000e+00
     -0.365     -0.362    17.8469   4.625064     5.2396     0.6375  0.000e+00
     -0.365     -0.362    17.8425   4.624980     5.2662     0.6375  0.000e+00
     -0.365     -0.362    17.8408   4.624722     5.2642     0.6253  0.000e+00
      0.251      0.250    17.8408   4.624741     5.2725     0.6009  0.000e+00
      0.251      0.250    17.8395   4.624767     5.2520     0.6009  0.000e+00
     -0.365     -0.362    17.8421   4.624851     5.2429     0.5887  0.000e+00
      0.251      0.250    17.8404   4.624509     5.2422     0.6009  0.000e+00
      0.251      0.250    17.8442   4.624767     5.2598     0.5887  0.000e+00
     -0.365     -0.362    17.8402   4.624593     5.2525     0.5887  0.000e+00
      0.868      0.861    17.8368   4.624335     5.2567     0.6009  0.000e+00
     -0.365     -0.362    17.8396   4.624353     5.2579     0.5887  0.000e+00
      0.251      0.250    17.8390   4.624548     5.2697     0.5887  0.000e+00
      0.251      0.250    17.8402   4.624528     5.2892     0.6009  0.000e+00
      0.251      0.250    17.8418   4.624722     5.2815     0.5887  0.000e+00
      0.251      0.250    17.8463   4.624851     5.2803     0.5887  0.000e+00
      0.251      0.250    17.8513   4.625407     5.2722     0.6009  0.000e+00
      0.251      0.250    17.8461   4.625323     5.2695     0.5887  0.000e+00
      0.251      0.250    17.8398   4.624871     5.2836     0.6009  0.000e+00
      0.251      0.250    17.8395   4.624593     5.3017     0.6009  0.000e+00
      0.868      0.861    17.8202   4.624354     5.2810     0.5887  0.000e+00
      0.251      0.250    17.8111   4.622364     5.2947     0.6253  0.000e+00
      0.251      0.250    17.8187   4.622635     5.2905     0.6253  0.000e+00
      0.868      0.861    17.8170   4.622926     5.2921     0.6009  0.000e+00
      0.251      0.250    17.8175   4.622926     5.2740     0.6375  0.000e+00
      0.251      0.250    17.8100   4.622454     5.2668     0.6131  0.000e+00
      0.251      0.250    17.7890   4.621123     5.2653     0.6131  0.000e+00
      0.251      0.250    17.7955   4.620697     5.2640     0.6253  0.000e+00
      0.251      0.250    17.8061   4.621343     5.2594     0.6131  0.000e+00
      0.868      0.861    17.8025   4.621770     5.2634     0.6131  0.000e+00
      0.251      0.250    17.7997   4.621427     5.2843     0.6253  0.000e+00
      0.251      0.250    17.7959   4.621343     5.2856     0.6131  0.000e+00
      0.251      0.250    17.7980   4.621253     5.2727     0.6131  0.000e+00
      0.868      0.861    17.7908   4.620652     5.2862     0.6253  0.000e+00
      0.251      0.250    17.7406   4.617959     5.2654     0.6131  0.000e+00
      0.251      0.250    17.6922   4.614627     5.2923     0.6253  0.000e+00
      0.868      0.861    17.6686   4.612871     5.3182     0.6131  0.000e+00
      0.868      0.861    17.6469   4.610858     5.2983     0.6131  0.000e+00
      0.251      0.250    17.6636   4.610399     5.3119     0.6375  0.000e+00
      0.868      0.861    17.7260   4.611715     5.3010     0.6253  0.000e+00
      0.868      0.861    17.7582   4.616034     5.2952     0.6131  0.000e+00
      0.868      0.861    17.7599   4.617571     5.3043     0.6253  0.000e+00
      0.251      0.250    17.7626   4.617771     5.2980     0.6131  0.000e+00
      0.251      0.250    17.7387   4.616912     5.2898     0.6131  0.000e+00
      0.868      0.861    17.7465   4.616551     5.3023     0.6253  0.000e+00
      0.868      0.861    17.7543   4.617358     5.2968     0.6131  0.000e+00
      0.251      0.250    17.7544   4.617616     5.2952     0.6009  0.000e+00
      0.868      0.861    17.7455   4.617255     5.3033     0.6131  0.000e+00
      0.868      0.861    17.7510   4.616674     5.3095     0.6009  0.000e+00
      0.251      0.250    17.7416   4.617061     5.3366     0.6131  0.000e+00
      0.251      0.250    17.7467   4.616848     5.3526     0.6131  0.000e+00
      0.251      0.250    17.7605   4.617229     5.3203     0.6009  0.000e+00
      0.868      0.861    17.7634   4.618133     5.3193     0.6131  0.000e+00
      0.251      0.250    17.7512   4.617642     5.3310     0.6009  0.000e+00
      0.868      0.861    17.7397   4.616209     5.3224     0.6009  0.000e+00
      0.251      0.250    17.6730   4.613859     5.3274     0.6375  0.000e+00
      0.868      0.861    17.6597   4.611083     5.3346     0.6253  0.000e+00
      0.251      0.250    17.6725   4.610728     5.3463     0.6253  0.000e+00
      0.251      0.250    17.6653   4.610993     5.3454     0.6375  0.000e+00
      0.251      0.250    17.6427   4.610296     5.3346     0.6253  0.000e+00
      0.251      0.250    17.6204   4.609289     5.3301     0.6253  0.000e+00
