tests/test4_preprocessing/c001.cnv
* Sea-Bird SBE25 Data File:
* FileName = C:\Users\CAU\Desktop\DEMERSALES 0920\c001.hex
* Software Version 1.59
* Temperature SN = 4959
* Conductivity SN = 3516
* System UpLoad Time = Sep 17 2020 13:15:13
** Ship: B/O: Miguel Oliver
** Cruise: DEMERSALES 0920
** Station:c001
** Date:17/09/2020
** Time (GMT/local):13:02
** Latitude:42 03.091 N
** Longitude:008 59.485 W
** Depth (m):105
** Operador:Chapela
# nquan = 7
# nvalues = 3934                                  
# units = specified
# name 0 = prSM: Pressure, Strain Gauge [db]
# name 1 = depSM: Depth [salt water, m], lat = 36.00
# name 2 = t090C: Temperature [ITS-90, deg C]
# name 3 = c0S/m: Conductivity [S/m]
# name 4 = sbeox0ML/L: Oxygen, SBE 43 [ml/l]
# name 5 = flECO-AFL: Fluorescence, WET Labs ECO-AFL/FL [mg/m^3]
# name 6 = flag:  0.000e+00
# span 0 =     -1.597,     99.421                 
# span 1 =     -1.585,     98.671                 
# span 2 =    12.9858,    17.9378                 
# span 3 =   0.235212,   4.675600                 
# span 4 =     2.6452,     7.1491                 
# span 5 =    -0.1073,     3.5435                 
# span 6 = 0.0000e+00, 0.0000e+00                 
# interval = seconds: 0.125
# start_time = Sep 17 2020 13:02:09 [Instrument's time stamp, header]
# bad_flag = -9.990e-29
*END*
      0.868      0.861    17.7759   4.654883     5.6581     0.6497  0.000e+00
      0.868      0.861    17.8018   4.653670     5.6481     0.6497  0.000e+00
      0.868      0.861    17.8193   4.652115     5.6575     0.6619  0.000e+00
      0.868      0.861    17.8285   4.651085     5.6622     0.6497  0.000e+00
      0.868      0.861    17.8320   4.650495     5.6721     0.6497  0.000e+00
      0.868      0.861    17.8341   4.650605     5.6915     0.6619  0.000e+00
      0.868      0.861    17.8356   4.650320     5.7060     0.6375  0.000e+00
      0.868      0.861    17.8336   4.650566     5.7254     0.5765  0.000e+00
      0.868      0.861    17.8343   4.650404     5.7502     0.5887  0.000e+00
      0.868      0.861    17.8366   4.650132     5.7727     0.5765  0.000e+00
      0.868      0.861    17.8387   4.650281     5.7956     0.5887  0.000e+00
      0.868      0.861    17.8406   4.650864     5.8226     0.5887  0.000e+00
      0.868      0.861    17.8396   4.651907     5.8382     0.5643  0.000e+00
      0.868      0.861    17.8389   4.652335     5.8595     0.6009  0.000e+00
      0.868      0.861    17.8381   4.652335     5.7947     0.5765  0.000e+00
      0.868      0.861    17.8373   4.651655     5.7308     0.5276  0.000e+00
      0.868      0.861    17.8370   4.651214     5.7023     0.5398  0.000e+00
      0.868      0.861    17.8377   4.597823     5.6966     0.5276  0.000e+00
      0.868      0.861    17.8408   4.597146     5.6617     0.5276  0.000e+00
      0.868      0.861    17.8507   4.651641     5.6196     0.5398  0.000e+00
      0.868      0.861    17.8612   4.648966     5.5836     0.5276  0.000e+00
      0.868      0.861    17.8642   4.638504     5.5424     0.5398  0.000e+00
      0.868      0.861    17.8644   4.638892     5.5158     0.5398  0.000e+00
      0.868      0.861    17.8655   4.649439     5.4697     0.5276  0.000e+00
      0.868      0.861    17.8655   4.649057     5.4315     0.4910  0.000e+00
      0.868      0.861    17.8637   4.649374     5.3931     0.4910  0.000e+00
      0.868      0.861    17.8614   4.649529     5.3457     0.4788  0.000e+00
      0.868      0.861    17.8581   4.650048     5.2916     0.4910  0.000e+00
      0.868      0.861    17.8572   4.650650     5.2437     0.4910  0.000e+00
      0.868      0.861    17.8541   4.651311     5.1977     0.4788  0.000e+00
      0.868      0.861    17.8550   4.652464     5.1730     0.4910  0.000e+00
      0.868      0.861    17.8615   4.653669     5.1469     0.4788  0.000e+00
      0.251      0.250    17.8655   4.654874     5.0939     0.5276  0.000e+00
      0.251      0.250    17.8680   4.656164     5.0591     0.5398  0.000e+00
      0.251      0.250    17.8688   4.657668     5.0285     0.5154  0.000e+00
      0.251      0.250    17.8650   4.659042     4.9986     0.5276  0.000e+00
      0.251      0.250    17.8583   4.659892     4.9834     0.5398  0.000e+00
      0.251      0.250    17.8526   4.660242     4.9697     0.5276  0.000e+00
      0.251      0.250    17.8474   4.659808     4.9585     0.5398  0.000e+00
      0.251      0.250    17.8448   4.658783     4.9623     0.5398  0.000e+00
      0.251      0.250    17.8418   4.657364     4.9535     0.5276  0.000e+00
     -0.365     -0.362    17.8377   4.655562     4.9535     0.5154  0.000e+00
     -0.365     -0.362    17.8364   4.654622     4.9631     0.5276  0.000e+00
      0.251      0.250    17.8324   4.653670     4.9610     0.5154  0.000e+00
      0.251      0.250    17.8353   4.023565     5.1226     0.5276  0.000e+00
     -0.365     -0.362    17.8334   3.514410     5.2586     0.5154  0.000e+00
     -0.365     -0.362    17.8324   4.127536     5.0844     0.5154  0.000e+00
      0.251      0.250    17.8324   3.416911     5.2545     0.5276  0.000e+00
      0.251      0.250    17.8313   3.524141     5.2147     0.5032  0.000e+00
      0.251      0.250    17.8236   4.639746     4.9056     0.5276  0.000e+00
      0.251      0.250    17.8109   4.646337     4.8964     0.5521  0.000e+00
      0.251      0.250    17.7857   4.646292     4.8872     0.5276  0.000e+00
      0.251      0.250    17.7729   4.646208     4.8723     0.5398  0.000e+00
     -0.365     -0.362    17.7539   4.645904     4.8702     0.5521  0.000e+00
      0.251      0.250    17.7693   4.645172     4.8565     0.5276  0.000e+00
      0.251      0.250    17.7816   4.644615     4.8416     0.5521  0.000e+00
      0.251      0.250    17.7822   4.644181     4.8368     0.5521  0.000e+00
      0.251      0.250    17.7890   4.644181     4.8302     0.5276  0.000e+00
      0.251      0.250    17.7849   4.645049     4.8287     0.6375  0.000e+00
     -0.365     -0.362    17.7803   4.646253     4.8383     0.6253  0.000e+00
      0.251      0.250    17.7744   4.647549     4.8381     0.6131  0.000e+00
      0.251      0.250    17.7792   4.648319     4.8497     0.6253  0.000e+00
      0.251      0.250    17.7843   4.648624     4.8708     0.6131  0.000e+00
      0.251      0.250    17.7873   4.648578     4.8813     0.6131  0.000e+00
      0.251      0.250    17.7805   4.648280     4.8996     0.6253  0.000e+00
      0.251      0.250    17.7765   4.648151     4.9181     0.6131  0.000e+00
      0.251      0.250    17.7721   4.648222     4.9341     0.5643  0.000e+00
      0.868      0.861    17.7693   4.648708     4.9595     0.5643  0.000e+00
      0.868      0.861    17.7660   4.648838     4.9779     0.5521  0.000e+00
      0.251      0.250    17.7618   4.648650     4.9897     0.5643  0.000e+00
      0.868      0.861    17.7592   4.648281     5.0141     0.5643  0.000e+00
      0.868      0.861    17.7577   4.648106     5.0244     0.5521  0.000e+00
      0.251      0.250    17.7562   4.648222     5.0377     0.5643  0.000e+00
      0.868      0.861    17.7586   4.648449     5.0501     0.5643  0.000e+00
      0.868      0.861    17.7672   4.648540     5.0518     0.5521  0.000e+00
      0.868      0.861    17.7695   4.648410     5.0552     0.5521  0.000e+00
      0.868      0.861    17.7702   4.647801     5.0590     0.5521  0.000e+00
      0.868      0.861    17.7678   4.646985     5.0476     0.5398  0.000e+00
      0.868      0.861    17.7668   4.646079     5.0454     0.5521  0.000e+00
      0.868      0.861    17.7596   4.645004     5.0368     0.5398  0.000e+00
      0.868      0.861    17.7507   4.644227     5.0163     0.5398  0.000e+00
      0.868      0.861    17.7432   4.643884     5.0005     0.5521  0.000e+00
      0.868      0.861    17.7387   4.643930     4.9792     0.5276  0.000e+00
      0.251      0.250    17.7357   4.644402     4.9475     0.5521  0.000e+00
      0.868      0.861    17.7353   4.644830     4.9401     0.5643  0.000e+00
      0.251      0.250    17.7353   4.645522     4.9187     0.5521  0.000e+00
      0.868      0.861    17.7384   4.646209     4.8881     0.5643  0.000e+00
      0.251      0.250    17.7398   4.646811     4.8734     0.5643  0.000e+00
      0.251      0.250    17.7391   4.647445     4.8483     0.5398  0.000e+00
      0.251      0.250    17.7392   4.647672     4.8281     0.5643  0.000e+00
      0.251      0.250    17.7420   4.647847     4.8225     0.5643  0.000e+00
      0.251      0.250    17.7488   4.647575     4.8118     0.5521  0.000e+00
      0.251      0.250    17.7522   4.646901     4.8080     0.6009  0.000e+00
      0.251      0.250    17.7539   4.646079     4.8081     0.5887  0.000e+00
     -0.365     -0.362    17.7520   4.645301     4.8043     0.5765  0.000e+00
      0.251      0.250    17.7491   4.644700     4.8121     0.5887  0.000e+00
      0.251      0.250    17.7470   4.644227     4.8178     0.5765  0.000e+00
      0.251      0.250    17.7467   4.643968     4.8182     0.5765  0.000e+00
      0.251      0.250    17.7486   4.643929     4.8266     0.5887  0.000e+00
      0.251      0.250    17.7458   4.644227     4.8317     0.5765  0.000e+00
      0.251      0.250    17.7450   4.644661     4.8257     0.5521  0.000e+00
      0.251      0.250    17.7451   4.645088     4.8375     0.5521  0.000e+00
      0.251      0.250    17.7482   4.645606     4.8339     0.5398  0.000e+00
      0.251      0.250    17.7491   4.646208     4.8293     0.5521  0.000e+00
      0.251      0.250    17.7486   4.646681     4.7598     0.5521  0.000e+00
      0.251      0.250    17.7501   4.647115     4.7174     0.5398  0.000e+00
     -0.365     -0.362    17.7520   4.647063     4.7188     0.5521  0.000e+00
      0.251      0.250    17.7575   4.646422     4.7347     0.5398  0.000e+00
      0.251      0.250    17.7558   4.645606     4.7380     0.5398  0.000e+00
      0.251      0.250    17.7585   4.644829     4.7486     0.6009  0.000e+00
      0.251      0.250    17.7624   4.644272     4.7631     0.5887  0.000e+00
      0.251      0.250    17.7637   4.643838     4.7680     0.5887  0.000e+00
      0.251      0.250    17.7641   4.643579     4.7868     0.6009  0.000e+00
     -0.365     -0.362    17.7582   4.643670     4.7966     0.5887  0.000e+00
      0.251      0.250    17.7588   4.644013     4.8058     0.5887  0.000e+00
      0.251      0.250    17.7585   4.644531     4.8160     0.6009  0.000e+00
      0.251      0.250    17.7582   4.645302     4.8263     0.5887  0.000e+00
      0.251      0.250    17.7579   4.646467     4.8344     0.5643  0.000e+00
     -0.365     -0.362    17.7563   4.647406     4.8528     0.5765  0.000e+00
      0.251      0.250    17.7524   4.647892     4.8598     0.5643  0.000e+00
      0.251      0.250    17.7472   4.648281     4.8642     0.5887  0.000e+00
      0.251      0.250    17.7438   4.648780     4.8561     0.5765  0.000e+00
     -0.365     -0.362    17.7417   4.650049     4.8228     0.5643  0.000e+00
      0.251      0.250    17.7399   4.652038     4.8033     0.5765  0.000e+00
     -0.365     -0.362    17.7376   4.651902     4.7855     0.5643  0.000e+00
     -0.365     -0.362    17.7343   4.648235     4.7652     0.5643  0.000e+00
     -0.365     -0.362    17.7318   4.644790     4.7538     0.5521  0.000e+00
      0.251      0.250    17.7309   4.643282     4.7373     0.5398  0.000e+00
      0.251      0.250    17.7292   4.641987     4.7230     0.5398  0.000e+00
      0.251      0.250    17.7278   4.640738     4.7157     0.5521  0.000e+00
     -0.365     -0.362    17.7261   4.639968     4.7009     0.5398  0.000e+00
     -0.365     -0.362    17.7237   4.639107     4.6899     0.5521  0.000e+00
     -0.365     -0.362    17.7254   4.638330     4.6911     0.5521  0.000e+00
      0.251      0.250    17.7235   4.637904     4.6716     0.5398  0.000e+00
      0.251      0.250    17.7299   4.638033     4.6730     0.5276  0.000e+00
      0.251      0.250    17.7353   4.638635     4.6720     0.5398  0.000e+00
      0.251      0.250    17.7366   4.639534     4.6594     0.5276  0.000e+00
      0.251      0.250    17.7376   4.640440     4.6569     0.5398  0.000e+00
      0.251      0.250    17.7377   4.641469     4.6572     0.5398  0.000e+00
      0.251      0.250    17.7383   4.642991     4.6477     0.5276  0.000e+00
      0.251      0.250    17.7415   4.645645     4.6417     0.5398  0.000e+00
      0.251      0.250    17.7408   4.649699     4.6352     0.5276  0.000e+00
      0.251      0.250    17.7431   4.653801     4.6191     0.5276  0.000e+00
      0.251      0.250    17.7444   4.656743     4.6104     0.5643  0.000e+00
      0.251      0.250    17.7434   4.658701     4.5888     0.5398  0.000e+00
      0.251      0.250    17.7426   4.660205     4.5645     0.5521  0.000e+00
      0.251      0.250    17.7417   4.661716     4.5470     0.5643  0.000e+00
      0.251      0.250    17.7406   4.663013     4.5162     0.5398  0.000e+00
      0.251      0.250    17.7387   4.664297     4.4867     0.5643  0.000e+00
      0.251      0.250    17.7384   4.665419     4.4673     0.5643  0.000e+00
      0.251      0.250    17.7402   4.666217     4.4333     0.5521  0.000e+00
      0.251      0.250    17.7387   4.666405     4.4176     0.5398  0.000e+00
      0.251      0.250    17.7366   4.665763     4.4060     0.5398  0.000e+00
      0.251      0.250    17.7349   4.662928     4.3790     0.5276  0.000e+00
      0.251      0.250    17.7334   4.658208     4.3689     0.5398  0.000e+00
      0.251      0.250    17.7330   4.655058     4.3545     0.5276  0.000e+00
      0.251      0.250    17.7345   4.653976     4.3399     0.5276  0.000e+00
      0.251      0.250    17.7372   4.653373     4.3389     0.5398  0.000e+00
      0.251      0.250    17.7379   4.652343     4.3306     0.5276  0.000e+00
      0.251      0.250    17.7387   4.651086     4.3258     0.5276  0.000e+00
      0.251      0.250    17.7379   4.651656     4.3519     0.5887  0.000e+00
      0.251      0.250    17.7383   4.651170     4.4203     0.5643  0.000e+00
      0.251      0.250    17.7392   4.650218     4.5135     0.5643  0.000e+00
      0.251      0.250    17.7395   4.650522     4.6296     0.5765  0.000e+00
      0.251      0.250    17.7397   4.650781     4.6590     0.5643  0.000e+00
      0.251      0.250    17.7395   4.651086     4.6967     0.5765  0.000e+00
      0.251      0.250    17.7415   4.651772     4.7328     0.5765  0.000e+00
      0.251      0.250    17.7446   4.652297     4.6631     0.5643  0.000e+00
      0.251      0.250    17.7483   4.652206     4.6046     0.5398  0.000e+00
      0.251      0.250    17.7541   4.651947     4.5759     0.5276  0.000e+00
      0.251      0.250    17.7560   4.652245     4.5273     0.5154  0.000e+00
      0.251      0.250    17.7571   4.652764     4.4804     0.5276  0.000e+00
      0.251      0.250    17.7567   4.652809     4.4479     0.5154  0.000e+00
      0.251      0.250    17.7562   4.651558     4.3897     0.5154  0.000e+00
      0.251      0.250    17.7676   4.649531     4.3350     0.5276  0.000e+00
      0.251      0.250    17.7748   4.646810     4.2798     0.5154  0.000e+00
      0.251      0.250    17.7753   4.644958     4.2176     0.5276  0.000e+00
      0.251      0.250    17.7750   4.643838     4.1676     0.5765  0.000e+00
      0.251      0.250    17.7765   4.642893     4.1303     0.5643  0.000e+00
      0.251      0.250    17.7812   4.642200     4.1144     0.5643  0.000e+00
      0.251      0.250    17.7822   4.641773     4.1288     0.5765  0.000e+00
      0.251      0.250    17.7837   4.641598     4.1414     0.5643  0.000e+00
      0.251      0.250    17.7843   4.641514     4.1648     0.5765  0.000e+00
      0.251      0.250    17.7843   4.641643     4.2013     0.5765  0.000e+00
      0.251      0.250    17.7841   4.641792     4.2083     0.5643  0.000e+00
      0.251      0.250    17.7841   4.642200     4.2110     0.5887  0.000e+00
      0.251      0.250    17.7841   4.642893     4.2261     0.5887  0.000e+00
      0.251      0.250    17.7852   4.644272     4.2201     0.5765  0.000e+00
      0.251      0.250    17.7858   4.647322     4.2262     0.5887  0.000e+00
      0.251      0.250    17.7860   4.651597     4.2293     0.5765  0.000e+00
      0.251      0.250    17.7864   4.655861     4.2249     0.5765  0.000e+00
      0.251      0.250    17.7858   4.660295     4.2264     0.5887  0.000e+00
      0.251      0.250    17.7844   4.663012     4.2205     0.5765  0.000e+00
      0.251      0.250    17.7816   4.662532     4.2167     0.5887  0.000e+00
      0.251      0.250    17.7792   4.663057     4.2210     0.5765  0.000e+00
     -0.365     -0.362    17.7786   4.664341     4.2134     0.5643  0.000e+00
      0.251      0.250    17.7786   4.665308     4.2084     0.5765  0.000e+00
      0.251      0.250    17.7784   4.665717     4.2072     0.5765  0.000e+00
      0.251      0.250    17.7793   4.666022     4.1974     0.5643  0.000e+00
      0.251      0.250    17.7818   4.666605     4.1984     0.5765  0.000e+00
      0.868      0.861    17.7856   4.667125     4.1901     0.5643  0.000e+00
      0.251      0.250    17.7909   4.667656     4.1856     0.5643  0.000e+00
      0.251      0.250    17.7976   4.668130     4.1778     0.5765  0.000e+00
      0.251      0.250    17.8048   4.668337     4.1768     0.5765  0.000e+00
      0.251      0.250    17.8120   4.668383     4.1660     0.5643  0.000e+00
