tests/test4_preprocessing/c001.cnv
* Sea-Bird SBE25 Data File:
* FileName = C:\Users\CAU\Desktop\DEMERSALES 0920\c001.hex
* Software Version 1.59
* Temperature SN = 4959
* Conductivity SN = 3516
* System UpLoad Time = Sep 17 2020 13:15:13
** Ship: B/O: Miguel Oliver
** Cruise: DEMERSALES 0920
** Station:c001
** Date:17/09/2020
** Time (GMT/local):13:02
** Latitude:42 03.091 N
** Longitude:008 59.485 W
** Depth (m):105
** Operador:Chapela
# nquan = 7
# nvalues = 3934                                  
# units = specified
# name 0 = prSM: Pressure, Strain Gauge [db]
# name 1 = depSM: Depth [salt water, m], lat = 36.00
# name 2 = t090C: Temperature [ITS-90, deg C]
# name 3 = c0S/m: Conductivity [S/m]
# name 4 = sbeox0ML/L: Oxygen, SBE 43 [ml/l]
# name 5 = flECO-AFL: Fluorescence, WET Labs ECO-AFL/FL [mg/m^3]
# name 6 = flag:  0.000e+00
# span 0 =     -1.597,     99.421                 
# span 1 =     -1.585,     98.671                 
# span 2 =    12.9858,    17.9378                 
# span 3 =   0.235212,   4.675600                 
# span 4 =     2.6452,     7.1491                 
# span 5 =    -0.1073,     3.5435                 
# span 6 = 0.0000e+00, 0.0000e+00                 
# interval = seconds: 0.125
# start_time = Sep 17 2020 13:02:09 [Instrument's time stamp, header]
# bad_flag = -9.990e-29
*END*
[from data line 2052]
     36.601     36.331    14.5867   4.324626     5.6084     2.5667  0.000e+00
     35.985     35.719    14.5758   4.323413     5.5973     2.5545  0.000e+00
     36.601     36.331    14.5663   4.322345     5.5788     2.5545  0.000e+00
     37.217     36.942    14.5596   4.321673     5.5614     2.5667  0.000e+00
     37.217     36.942    14.5463   4.320416     5.5585     2.5545  0.000e+00
     37.217     36.942    14.5317   4.319172     5.5346     2.1394  0.000e+00
     37.217     36.942    14.5158   4.317583     5.5226     2.1394  0.000e+00
     37.833     37.553    14.5022   4.316202     5.5021     2.1271  0.000e+00
     37.217     36.942    14.4874   4.314839     5.4704     2.1516  0.000e+00
     37.833     37.553    14.4721   4.313100     5.4601     2.1394  0.000e+00
     37.833     37.553    14.4622   4.312020     5.4036     2.1271  0.000e+00
     37.833     37.553    14.4544   4.310922     5.4156     2.1394  0.000e+00
     37.833     37.553    14.4529   4.310514     5.3671     2.1271  0.000e+00
     38.449     38.165    14.4495   4.310395     5.3799     2.1149  0.000e+00
     38.449     38.165    14.4435   4.309867     5.3725     2.1394  0.000e+00
     38.449     38.165    14.4303   4.308945     5.3663     2.1149  0.000e+00
     38.449     38.165    14.4128   4.307150     5.3650     2.1271  0.000e+00
     38.449     38.165    14.3986   4.305613     5.3552     2.1394  0.000e+00
     38.449     38.165    14.3826   4.304277     5.3239     2.1271  0.000e+00
     38.449     38.165    14.3613   4.302414     5.3046     2.1394  0.000e+00
     38.449     38.165    14.3425   4.300282     5.2881     2.1394  0.000e+00
     38.449     38.165    14.3245   4.297880     5.2696     2.1271  0.000e+00
     39.065     38.776    14.3089   4.296790     5.2713     2.0539  0.000e+00
     39.065     38.776    14.2946   4.295417     5.2708     2.0539  0.000e+00
     39.065     38.776    14.2784   4.293838     5.2310     2.0295  0.000e+00
     39.065     38.776    14.2644   4.292428     5.2239     2.0539  0.000e+00
     39.065     38.776    14.2383   4.290530     5.2036     2.0417  0.000e+00
     39.065     38.776    14.2185   4.288149     5.1955     2.0417  0.000e+00
     39.065     38.776    14.2105   4.287022     5.1877     2.0539  0.000e+00
     39.065     38.776    14.1993   4.286176     5.1709     2.0417  0.000e+00
     39.065     38.776    14.1784   4.284605     5.1386     2.0295  0.000e+00
     39.681     39.388    14.1464   4.282026     5.1416     2.1638  0.000e+00
     39.681     39.388    14.0984   4.278071     5.1252     2.1516  0.000e+00
     39.681     39.388    14.0602   4.274067     5.1238     2.1638  0.000e+00
     40.297     39.999    14.0341   4.271259     5.1286     2.1638  0.000e+00
     40.297     39.999    14.0106   4.269089     5.0867     2.1516  0.000e+00
     40.297     39.999    13.9918   4.267045     5.0858     2.1638  0.000e+00
     40.297     39.999    13.9770   4.265639     5.0806     2.1516  0.000e+00
     40.297     39.999    13.9617   4.264083     5.0718     2.1516  0.000e+00
     40.913     40.610    13.9531   4.262883     5.0649     1.9562  0.000e+00
     40.913     40.610    13.9502   4.262402     5.0649     1.9440  0.000e+00
     40.297     39.999    13.9440   4.261896     5.0932     1.9440  0.000e+00
     40.913     40.610    13.9375   4.261122     5.0790     1.9562  0.000e+00
     40.913     40.610    13.9314   4.260603     5.0933     1.9440  0.000e+00
     40.913     40.610    13.9220   4.259885     5.0664     1.9440  0.000e+00
     41.529     41.222    13.8919   4.257243     5.0859     1.9562  0.000e+00
     41.529     41.222    13.8819   4.255807     5.0537     1.9440  0.000e+00
     41.529     41.222    13.8681   4.254964     5.0371     1.9318  0.000e+00
     41.529     41.222    13.8446   4.252817     5.0529     1.9318  0.000e+00
     41.529     41.222    13.7777   4.248461     5.0182     1.9196  0.000e+00
     42.145     41.833    13.7107   4.241875     5.0330     1.9318  0.000e+00
     42.145     41.833    13.6475   4.236084     5.0420     1.9196  0.000e+00
     42.145     41.833    13.5972   4.230694     5.0270     1.9074  0.000e+00
     42.145     41.833    13.5745   4.227823     5.0261     1.9318  0.000e+00
     42.145     41.833    13.5667   4.226789     4.9992     1.9196  0.000e+00
     42.761     42.445    13.5581   4.225993     5.0102     1.9196  0.000e+00
     42.761     42.445    13.5468   4.224835     4.9883     1.9562  0.000e+00
     42.761     42.445    13.5417   4.224038     4.9712     1.9318  0.000e+00
     42.761     42.445    13.5392   4.223764     5.0074     1.9440  0.000e+00
     42.761     42.445    13.5377   4.223565     5.0153     1.9562  0.000e+00
     43.377     43.056    13.5351   4.223123     5.0495     1.9440  0.000e+00
     43.377     43.056    13.5311   4.222849     5.0550     1.9562  0.000e+00
     43.377     43.056    13.5205   4.222053     5.0653     1.9562  0.000e+00
     43.377     43.056    13.5057   4.220702     5.0576     1.9440  0.000e+00
     43.377     43.056    13.5046   4.220223     5.0337     1.9318  0.000e+00
     43.377     43.056    13.5047   4.220180     5.0393     1.7731  0.000e+00
     43.993     43.667    13.5055   4.220180     5.0225     1.7731  0.000e+00
     43.993     43.667    13.5062   4.220167     4.9674     1.7853  0.000e+00
     43.993     43.667    13.4988   4.219744     4.9314     1.7608  0.000e+00
     43.993     43.667    13.4957   4.219191     4.9181     1.7731  0.000e+00
     44.609     44.279    13.4921   4.218967     4.8928     1.7853  0.000e+00
     44.609     44.279    13.4905   4.218755     4.8926     1.7608  0.000e+00
     44.609     44.279    13.4846   4.218314     4.8596     1.7853  0.000e+00
     44.609     44.279    13.4777   4.217642     4.7833     1.4190  0.000e+00
     44.609     44.279    13.4772   4.217362     4.7478     1.3945  0.000e+00
     44.609     44.279    13.4701   4.217163     4.7084     1.4190  0.000e+00
     44.609     44.279    13.4653   4.216329     4.7166     1.4190  0.000e+00
     45.225     44.890    13.4631   4.216050     4.6727     1.3945  0.000e+00
     45.225     44.890    13.4603   4.215776     4.7021     1.4190  0.000e+00
     44.609     44.279    13.4583   4.215496     4.6984     1.4068  0.000e+00
     45.225     44.890    13.4562   4.215334     4.6856     1.4068  0.000e+00
     45.225     44.890    13.4555   4.215098     4.6570     1.3945  0.000e+00
     45.225     44.890    13.4518   4.214899     4.6343     1.4556  0.000e+00
     45.225     44.890    13.4503   4.214544     4.6296     1.4556  0.000e+00
     45.225     44.890    13.4494   4.214464     4.6342     1.4678  0.000e+00
     45.225     44.890    13.4470   4.214302     4.5851     1.4556  0.000e+00
     45.225     44.890    13.4452   4.213985     4.5660     1.4556  0.000e+00
     45.841     45.501    13.4432   4.213749     4.5670     1.4678  0.000e+00
     45.841     45.501    13.4406   4.213550     4.5652     1.4434  0.000e+00
     45.841     45.501    13.4385   4.213313     4.5697     1.4678  0.000e+00
     45.841     45.501    13.4361   4.213114     4.5572     1.2480  0.000e+00
     45.841     45.501    13.4364   4.213021     4.5096     1.2358  0.000e+00
     45.841     45.501    13.4359   4.212940     4.4922     1.2480  0.000e+00
     45.841     45.501    13.4350   4.212835     4.4800     1.2358  0.000e+00
     46.457     46.113    13.4342   4.212717     4.4771     1.2358  0.000e+00
     46.457     46.113    13.4318   4.212480     4.4750     1.2480  0.000e+00
     46.457     46.113    13.4285   4.212244     4.4689     1.2236  0.000e+00
     47.073     46.724    13.4231   4.211822     4.4692     1.2236  0.000e+00
     47.073     46.724    13.4183   4.211411     4.4599     1.2236  0.000e+00
     47.073     46.724    13.4152   4.211013     4.4502     1.2602  0.000e+00
     47.073     46.724    13.4104   4.210497     4.4378     1.2480  0.000e+00
     47.073     46.724    13.4080   4.210298     4.4369     1.2724  0.000e+00
     47.073     46.724    13.4061   4.210062     4.4357     1.2480  0.000e+00
     47.073     46.724    13.4043   4.209913     4.4226     1.2724  0.000e+00
     47.689     47.335    13.4018   4.209665     4.3950     1.2602  0.000e+00
     47.689     47.335    13.3985   4.209310     4.3707     1.2480  0.000e+00
     47.689     47.335    13.3943   4.209111     4.3847     1.2724  0.000e+00
     47.689     47.335    13.3897   4.208596     4.3697     1.5289  0.000e+00
     47.689     47.335    13.3831   4.208161     4.3455     1.5166  0.000e+00
     47.689     47.335    13.3762   4.207564     4.3313     1.5411  0.000e+00
     48.305     47.947    13.3714   4.206974     4.3317     1.5166  0.000e+00
     48.305     47.947    13.3633   4.206526     4.3323     1.5289  0.000e+00
     48.305     47.947    13.3446   4.205228     4.3397     1.5411  0.000e+00
     48.305     47.947    13.3334   4.203768     4.3377     1.5166  0.000e+00
     48.305     47.947    13.3298   4.203171     4.3546     1.5411  0.000e+00
     48.305     47.947    13.3291   4.203016     4.3608     1.5166  0.000e+00
     48.921     48.558    13.3273   4.202824     4.3730     1.4922  0.000e+00
     48.305     47.947    13.3238   4.202507     4.3564     1.5044  0.000e+00
     48.921     48.558    13.3214   4.202265     4.3583     1.5044  0.000e+00
     48.921     48.558    13.3179   4.201948     4.3449     1.4800  0.000e+00
     48.921     48.558    13.3089   4.201513     4.3551     1.5044  0.000e+00
     49.537     49.169    13.2966   4.200166     4.3765     1.4922  0.000e+00
     49.537     49.169    13.2806   4.199141     4.3513     1.4800  0.000e+00
     49.537     49.169    13.2622   4.197378     4.3553     1.5044  0.000e+00
     49.537     49.169    13.2440   4.195670     4.3750     1.3945  0.000e+00
     49.537     49.169    13.2321   4.194286     4.3483     1.3945  0.000e+00
     50.153     49.781    13.2263   4.193535     4.3514     1.4068  0.000e+00
     50.153     49.781    13.2197   4.192977     4.3370     1.3823  0.000e+00
     50.153     49.781    13.2152   4.192301     4.3486     1.3945  0.000e+00
     50.153     49.781    13.2110   4.191953     4.3476     1.4068  0.000e+00
     50.153     49.781    13.2067   4.191481     4.3160     1.3823  0.000e+00
     50.769     50.392    13.2050   4.191227     4.3292     1.4068  0.000e+00
     50.769     50.392    13.1969   4.190638     4.3342     1.3823  0.000e+00
     50.769     50.392    13.1890   4.189844     4.3376     1.3701  0.000e+00
     50.769     50.392    13.1800   4.189211     4.3239     1.3945  0.000e+00
     51.385     51.003    13.1688   4.188057     4.3078     1.3823  0.000e+00
     51.385     51.003    13.1616   4.187152     4.2965     1.3823  0.000e+00
     50.769     50.392    13.1585   4.186755     4.2835     1.3945  0.000e+00
     51.385     51.003    13.1553   4.186476     4.2884     1.3701  0.000e+00
     51.385     51.003    13.1534   4.186159     4.2735     1.3823  0.000e+00
     51.385     51.003    13.1518   4.185961     4.2533     1.3945  0.000e+00
     51.385     51.003    13.1507   4.185812     4.2527     1.0649  0.000e+00
     52.001     51.614    13.1494   4.185645     4.2321     1.0649  0.000e+00
     52.001     51.614    13.1488   4.185564     4.2325     1.0649  0.000e+00
     52.001     51.614    13.1490   4.185533     4.1993     1.0527  0.000e+00
     52.001     51.614    13.1484   4.185409     4.2047     1.0771  0.000e+00
     52.617     52.226    13.1475   4.185366     4.2012     1.0649  0.000e+00
     52.001     51.614    13.1466   4.185366     4.1743     1.0649  0.000e+00
     52.001     51.614    13.1440   4.185130     4.1697     1.0771  0.000e+00
     52.617     52.226    13.1416   4.184777     4.1791     1.0527  0.000e+00
     52.617     52.226    13.1410   4.184709     4.1689     0.9428  0.000e+00
     52.617     52.226    13.1409   4.184578     4.1586     0.9550  0.000e+00
     52.617     52.226    13.1407   4.184578     4.1541     0.9428  0.000e+00
     53.233     52.837    13.1394   4.184473     4.1438     0.9428  0.000e+00
     53.233     52.837    13.1381   4.184343     4.1421     0.9550  0.000e+00
     53.233     52.837    13.1376   4.184300     4.1406     0.9428  0.000e+00
     53.233     52.837    13.1367   4.184145     4.1433     0.9550  0.000e+00
     53.233     52.837    13.1357   4.183983     4.1400     0.9550  0.000e+00
     53.233     52.837    13.1335   4.183884     4.1336     0.8939  0.000e+00
     53.233     52.837    13.1307   4.183587     4.1233     0.9061  0.000e+00
     53.233     52.837    13.1303   4.183370     4.1342     0.9061  0.000e+00
     53.233     52.837    13.1292   4.183314     4.1271     0.8939  0.000e+00
     53.233     52.837    13.1275   4.183215     4.1193     0.9061  0.000e+00
     53.233     52.837    13.1268   4.183035     4.1390     0.8939  0.000e+00
     53.849     53.448    13.1249   4.182861     4.1171     0.8939  0.000e+00
     53.849     53.448    13.1227   4.182756     4.1142     0.9061  0.000e+00
     53.849     53.448    13.1142   4.182149     4.1173     0.8939  0.000e+00
     53.849     53.448    13.1066   4.181417     4.1134     0.9794  0.000e+00
     53.849     53.448    13.1011   4.180704     4.1023     1.0038  0.000e+00
     53.849     53.448    13.0979   4.180301     4.1001     0.9794  0.000e+00
     54.465     54.060    13.0948   4.180072     4.0973     0.9916  0.000e+00
     54.465     54.060    13.0934   4.179830     4.0911     1.0038  0.000e+00
     54.465     54.060    13.0911   4.179595     4.0649     0.9794  0.000e+00
     55.081     54.671    13.0877   4.179285     4.0637     1.0038  0.000e+00
     54.465     54.060    13.0809   4.178727     4.0647     0.9916  0.000e+00
     55.081     54.671    13.0767   4.178133     4.0473     0.8451  0.000e+00
     55.081     54.671    13.0748   4.177860     4.0438     0.8695  0.000e+00
     55.081     54.671    13.0737   4.177779     4.0467     0.8573  0.000e+00
     55.081     54.671    13.0693   4.177501     4.0374     0.8451  0.000e+00
     55.697     55.282    13.0636   4.176912     4.0344     0.8573  0.000e+00
     55.081     54.671    13.0582   4.176360     4.0343     0.8451  0.000e+00
     55.697     55.282    13.0528   4.175846     4.0331     0.8451  0.000e+00
     55.697     55.282    13.0489   4.175332     4.0430     0.8573  0.000e+00
     55.697     55.282    13.0458   4.175016     4.0381     0.8451  0.000e+00
     55.697     55.282    13.0430   4.174663     4.0450     0.8207  0.000e+00
     55.697     55.282    13.0373   4.174267     4.0376     0.8207  0.000e+00
     56.313     55.893    13.0296   4.173635     4.0342     0.8085  0.000e+00
     56.313     55.893    13.0199   4.172811     4.0358     0.8329  0.000e+00
     56.313     55.893    13.0113   4.171901     4.0473     0.8207  0.000e+00
     56.313     55.893    13.0042   4.171269     4.0208     0.8085  0.000e+00
     56.313     55.893    13.0011   4.170799     4.0188     0.8207  0.000e+00
     56.313     55.893    12.9984   4.170483     4.0259     0.7963  0.000e+00
     56.313     55.893    12.9955   4.170328     4.0175     0.6375  0.000e+00
     56.928     56.505    12.9930   4.170012     4.0055     0.6375  0.000e+00
     56.928     56.505    12.9912   4.169895     4.0172     0.6131  0.000e+00
     56.928     56.505    12.9917   4.169771     4.0115     0.6253  0.000e+00
     56.928     56.505    12.9917   4.169814     4.0098     0.6375  0.000e+00
     57.544     57.116    12.9913   4.169815     4.0028     0.6253  0.000e+00
     56.928     56.505    12.9919   4.169851     3.9847     0.6375  0.000e+00
     57.544     57.116    12.9916   4.169734     3.9868     0.6253  0.000e+00
     56.928     56.505    12.9925   4.169814     3.9879     0.6253  0.000e+00
     57.544     57.116    12.9919   4.169734     3.9742     0.5276  0.000e+00
     57.544     57.116    12.9912   4.169771     3.9737     0.5276  0.000e+00
     57.544     57.116    12.9921   4.169697     3.9692     0.5154  0.000e+00
