tests/test4_preprocessing/c001.cnv
* Sea-Bird SBE25 Data File:
* FileName = C:\Users\CAU\Desktop\DEMERSALES 0920\c001.hex
* Software Version 1.59
* Temperature SN = 4959
* Conductivity SN = 3516
* System UpLoad Time = Sep 17 2020 13:15:13
** Ship: B/O: Miguel Oliver
** Cruise: DEMERSALES 0920
** Station:c001
** Date:17/09/2020
** Time (GMT/local):13:02
** Latitude:42 03.091 N
** Longitude:008 59.485 W
** Depth (m):105
** Operador:Chapela
# nquan = 7
# nvalues = 3934                                  
# units = specified
# name 0 = prSM: Pressure, Strain Gauge [db]
# name 1 = depSM: Depth [salt water, m], lat = 36.00
# name 2 = t090C: Temperature [ITS-90, deg C]
# name 3 = c0S/m: Conductivity [S/m]
# name 4 = sbeox0ML/L: Oxygen, SBE 43 [ml/l]
# name 5 = flECO-AFL: Fluorescence, WET Labs ECO-AFL/FL [mg/m^3]
# name 6 = flag:  0.000e+00
# span 0 =     -1.597,     99.421                 
# span 1 =     -1.585,     98.671                 
# span 2 =    12.9858,    17.9378                 
# span 3 =   0.235212,   4.675600                 
# span 4 =     2.6452,     7.1491                 
# span 5 =    -0.1073,     3.5435                 
# span 6 = 0.0000e+00, 0.0000e+00                 
# interval = seconds: 0.125
# start_time = Sep 17 2020 13:02:09 [Instrument's time stamp, header]
# bad_flag = -9.990e-29
*END*
[from data line 2257]
     58.160     57.727    12.9915   4.169734     3.9833     0.5154  0.000e+00
     58.160     57.727    12.9914   4.169734     3.9582     0.5154  0.000e+00
     58.160     57.727    12.9908   4.169697     3.9524     0.5276  0.000e+00
     58.160     57.727    12.9900   4.169536     3.9408     0.5032  0.000e+00
     58.160     57.727    12.9902   4.169579     3.9309     0.4055  0.000e+00
     58.776     58.338    12.9897   4.169536     3.9375     0.4055  0.000e+00
     58.776     58.338    12.9898   4.169536     3.9244     0.3811  0.000e+00
     58.776     58.338    12.9895   4.169499     3.9215     0.3933  0.000e+00
     58.776     58.338    12.9898   4.169499     3.9298     0.4055  0.000e+00
     58.776     58.338    12.9897   4.169499     3.9161     0.3933  0.000e+00
     58.776     58.338    12.9896   4.169462     3.8996     0.4055  0.000e+00
     59.392     58.950    12.9895   4.169419     3.9028     0.4055  0.000e+00
     59.392     58.950    12.9889   4.169338     3.8871     0.3933  0.000e+00
     59.392     58.950    12.9880   4.169338     3.8689     0.4300  0.000e+00
     59.392     58.950    12.9887   4.169301     3.8703     0.4300  0.000e+00
     59.392     58.950    12.9886   4.169338     3.8567     0.4055  0.000e+00
     60.008     59.561    12.9882   4.169302     3.8391     0.4300  0.000e+00
     60.008     59.561    12.9887   4.169264     3.8442     0.4177  0.000e+00
     60.008     59.561    12.9882   4.169302     3.8261     0.4177  0.000e+00
     60.008     59.561    12.9886   4.169302     3.8254     0.4300  0.000e+00
     60.008     59.561    12.9880   4.169221     3.8106     0.4055  0.000e+00
     60.008     59.561    12.9873   4.169221     3.7983     0.3689  0.000e+00
     60.624     60.172    12.9876   4.169221     3.7965     0.3689  0.000e+00
     60.624     60.172    12.9875   4.169184     3.7827     0.3567  0.000e+00
     60.624     60.172    12.9875   4.169221     3.7734     0.3567  0.000e+00
     60.008     59.561    12.9879   4.169184     3.7682     0.3689  0.000e+00
     60.624     60.172    12.9875   4.169184     3.7606     0.3567  0.000e+00
     61.240     60.783    12.9876   4.169184     3.7512     0.3689  0.000e+00
     61.240     60.783    12.9876   4.169184     3.7509     0.3689  0.000e+00
     61.240     60.783    12.9867   4.169147     3.7391     0.3567  0.000e+00
     61.240     60.783    12.9876   4.169147     3.7385     0.3811  0.000e+00
     61.240     60.783    12.9876   4.169184     3.7352     0.3811  0.000e+00
     61.856     61.395    12.9878   4.169185     3.7304     0.3689  0.000e+00
     61.856     61.395    12.9880   4.169222     3.7186     0.3811  0.000e+00
     61.856     61.395    12.9880   4.169185     3.7227     0.3567  0.000e+00
     61.856     61.395    12.9882   4.169222     3.7115     0.3689  0.000e+00
     61.240     60.783    12.9881   4.169222     3.7207     0.3811  0.000e+00
     62.472     62.006    12.9876   4.169222     3.7182     0.3567  0.000e+00
     62.472     62.006    12.9879   4.169265     3.7094     0.3567  0.000e+00
     62.472     62.006    12.9880   4.169265     3.7145     0.3689  0.000e+00
     61.856     61.395    12.9884   4.169185     3.7149     0.3567  0.000e+00
     62.472     62.006    12.9882   4.169185     3.7113     0.3689  0.000e+00
     62.472     62.006    12.9882   4.169222     3.7157     0.3689  0.000e+00
     62.472     62.006    12.9886   4.169185     3.7020     0.3567  0.000e+00
     63.088     62.617    12.9884   4.169222     3.7088     0.3689  0.000e+00
     63.088     62.617    12.9869   4.169266     3.7049     0.3567  0.000e+00
     63.088     62.617    12.9882   4.169185     3.6976     0.3567  0.000e+00
     63.088     62.617    12.9882   4.169222     3.6967     0.3933  0.000e+00
     63.088     62.617    12.9887   4.169185     3.7004     0.3933  0.000e+00
     63.088     62.617    12.9883   4.169222     3.6954     0.3689  0.000e+00
     63.704     63.228    12.9884   4.169223     3.6967     0.3933  0.000e+00
     63.088     62.617    12.9884   4.169222     3.6962     0.3811  0.000e+00
     63.704     63.228    12.9882   4.169185     3.6842     0.3811  0.000e+00
     63.704     63.228    12.9873   4.169148     3.6874     0.3933  0.000e+00
     63.704     63.228    12.9880   4.169105     3.6865     0.3689  0.000e+00
     63.704     63.228    12.9881   4.169148     3.6734     0.3933  0.000e+00
     63.704     63.228    12.9884   4.169223     3.6839     0.4055  0.000e+00
     64.319     63.840    12.9882   4.169148     3.6801     0.3933  0.000e+00
     64.319     63.840    12.9882   4.169186     3.6782     0.4055  0.000e+00
     63.704     63.228    12.9886   4.169185     3.6829     0.4055  0.000e+00
     64.319     63.840    12.9884   4.169105     3.6755     0.3933  0.000e+00
     64.319     63.840    12.9878   4.169186     3.6744     0.4055  0.000e+00
     64.319     63.840    12.9884   4.169186     3.6866     0.3933  0.000e+00
     64.935     64.451    12.9884   4.169186     3.6723     0.3933  0.000e+00
     64.935     64.451    12.9881   4.169149     3.6632     0.3811  0.000e+00
     64.935     64.451    12.9886   4.169186     3.6737     0.3689  0.000e+00
     64.319     63.840    12.9884   4.169186     3.6575     0.3689  0.000e+00
     64.935     64.451    12.9887   4.169223     3.6635     0.3811  0.000e+00
     64.935     64.451    12.9884   4.169223     3.6624     0.3567  0.000e+00
     65.551     65.062    12.9876   4.169223     3.6487     0.3689  0.000e+00
     65.551     65.062    12.9884   4.169223     3.6625     0.3811  0.000e+00
     65.551     65.062    12.9882   4.169223     3.6476     0.3567  0.000e+00
     65.551     65.062    12.9887   4.169186     3.6397     0.3689  0.000e+00
     66.167     65.673    12.9884   4.169267     3.6462     0.3811  0.000e+00
     66.167     65.673    12.9886   4.169267     3.6439     0.3567  0.000e+00
     66.167     65.673    12.9887   4.169224     3.6363     0.3811  0.000e+00
     66.167     65.673    12.9886   4.169224     3.6482     0.3811  0.000e+00
     66.167     65.673    12.9879   4.169224     3.6428     0.3567  0.000e+00
     66.783     66.284    12.9882   4.169224     3.6406     0.3811  0.000e+00
     66.167     65.673    12.9881   4.169224     3.6517     0.3567  0.000e+00
     66.167     65.673    12.9882   4.169267     3.6463     0.3689  0.000e+00
     66.783     66.284    12.9884   4.169267     3.6471     0.4910  0.000e+00
     66.783     66.284    12.9886   4.169267     3.6528     0.4666  0.000e+00
     66.783     66.284    12.9887   4.169224     3.6399     0.4788  0.000e+00
     66.783     66.284    12.9886   4.169249     3.6458     0.4910  0.000e+00
     67.399     66.896    12.9876   4.169267     3.6492     0.4788  0.000e+00
     67.399     66.896    12.9884   4.169267     3.6396     0.4910  0.000e+00
     67.399     66.896    12.9882   4.169305     3.6484     0.4910  0.000e+00
     67.399     66.896    12.9882   4.169267     3.6447     0.4666  0.000e+00
     67.399     66.896    12.9884   4.169305     3.6394     0.4055  0.000e+00
     67.399     66.896    12.9884   4.169267     3.6409     0.3933  0.000e+00
     67.399     66.896    12.9887   4.169305     3.6328     0.3811  0.000e+00
     67.399     66.896    12.9884   4.169305     3.6303     0.3933  0.000e+00
     67.399     66.896    12.9882   4.169342     3.6374     0.3811  0.000e+00
     68.015     67.507    12.9886   4.169305     3.6303     0.3811  0.000e+00
     67.399     66.896    12.9886   4.169305     3.6345     0.3811  0.000e+00
     68.015     67.507    12.9887   4.169268     3.6341     0.3689  0.000e+00
     68.015     67.507    12.9886   4.169305     3.6208     0.3811  0.000e+00
     68.015     67.507    12.9884   4.169342     3.6294     0.4422  0.000e+00
     68.015     67.507    12.9886   4.169268     3.6280     0.4177  0.000e+00
     68.015     67.507    12.9880   4.169187     3.6221     0.4300  0.000e+00
     68.631     68.118    12.9875   4.169268     3.6326     0.4422  0.000e+00
     68.631     68.118    12.9876   4.169268     3.6227     0.4300  0.000e+00
     68.631     68.118    12.9881   4.169225     3.6168     0.4422  0.000e+00
     68.631     68.118    12.9884   4.169225     3.6223     0.4422  0.000e+00
     69.247     68.729    12.9879   4.169225     3.6199     0.4177  0.000e+00
     69.247     68.729    12.9873   4.169225     3.6207     0.4055  0.000e+00
     69.247     68.729    12.9875   4.169225     3.6180     0.3933  0.000e+00
     69.247     68.729    12.9875   4.169150     3.6074     0.3689  0.000e+00
     69.862     69.340    12.9864   4.169188     3.6056     0.3933  0.000e+00
     69.862     69.340    12.9875   4.169188     3.6066     0.3811  0.000e+00
     69.862     69.340    12.9876   4.169268     3.5965     0.3811  0.000e+00
     69.862     69.340    12.9880   4.169268     3.5967     0.3933  0.000e+00
     69.862     69.340    12.9876   4.169268     3.5972     0.3689  0.000e+00
     69.862     69.340    12.9869   4.169188     3.5851     0.3811  0.000e+00
     70.478     69.951    12.9878   4.169151     3.5945     0.3567  0.000e+00
     71.094     70.563    12.9878   4.169188     3.5874     0.3323  0.000e+00
     70.478     69.951    12.9864   4.169269     3.5771     0.3445  0.000e+00
     70.478     69.951    12.9873   4.169207     3.5839     0.3567  0.000e+00
     71.094     70.563    12.9873   4.169226     3.5800     0.3323  0.000e+00
     71.094     70.563    12.9875   4.169226     3.5746     0.3567  0.000e+00
     71.094     70.563    12.9873   4.169188     3.5809     0.3567  0.000e+00
     71.710     71.174    12.9871   4.169226     3.5746     0.3445  0.000e+00
     71.094     70.563    12.9875   4.169188     3.5667     0.3445  0.000e+00
     71.094     70.563    12.9871   4.169188     3.5813     0.3323  0.000e+00
     71.710     71.174    12.9862   4.169226     3.5697     0.3201  0.000e+00
     71.710     71.174    12.9873   4.169226     3.5747     0.3323  0.000e+00
     72.326     71.785    12.9873   4.169226     3.5734     0.3079  0.000e+00
     71.710     71.174    12.9873   4.169226     3.5686     0.3201  0.000e+00
     72.326     71.785    12.9871   4.169152     3.5743     0.3323  0.000e+00
     72.326     71.785    12.9869   4.169226     3.5777     0.3079  0.000e+00
     72.326     71.785    12.9875   4.169226     3.5647     0.3323  0.000e+00
     72.326     71.785    12.9869   4.169226     3.5766     0.3689  0.000e+00
     72.326     71.785    12.9864   4.169269     3.5751     0.3445  0.000e+00
     72.326     71.785    12.9871   4.169226     3.5704     0.3567  0.000e+00
     72.326     71.785    12.9873   4.169226     3.5672     0.3689  0.000e+00
     72.942     72.396    12.9875   4.169226     3.5725     0.3567  0.000e+00
     72.942     72.396    12.9873   4.169189     3.5689     0.3689  0.000e+00
     72.942     72.396    12.9871   4.169270     3.5813     0.3689  0.000e+00
     72.942     72.396    12.9875   4.169270     3.5701     0.3567  0.000e+00
     72.942     72.396    12.9875   4.169270     3.5624     0.3445  0.000e+00
     72.942     72.396    12.9866   4.169270     3.5738     0.3201  0.000e+00
     72.942     72.396    12.9869   4.169189     3.5601     0.3201  0.000e+00
     73.558     73.007    12.9869   4.169226     3.5598     0.3323  0.000e+00
     73.558     73.007    12.9871   4.169270     3.5591     0.3201  0.000e+00
     73.558     73.007    12.9873   4.169152     3.5483     0.3201  0.000e+00
     73.558     73.007    12.9867   4.169189     3.5572     0.3323  0.000e+00
     73.558     73.007    12.9869   4.169226     3.5604     0.3201  0.000e+00
     73.558     73.007    12.9871   4.169226     3.5503     0.3323  0.000e+00
     73.558     73.007    12.9869   4.169270     3.5514     0.3811  0.000e+00
     73.558     73.007    12.9876   4.169270     3.5571     0.3689  0.000e+00
     74.173     73.618    12.9884   4.169307     3.5494     0.3811  0.000e+00
     74.173     73.618    12.9882   4.169344     3.5577     0.3811  0.000e+00
     74.173     73.618    12.9875   4.169307     3.5518     0.3689  0.000e+00
     74.173     73.618    12.9867   4.169190     3.5475     0.3811  0.000e+00
     74.173     73.618    12.9878   4.169227     3.5559     0.3689  0.000e+00
     74.173     73.618    12.9876   4.169270     3.5429     0.3689  0.000e+00
     74.173     73.618    12.9869   4.169307     3.5450     0.3567  0.000e+00
     74.173     73.618    12.9869   4.169227     3.5527     0.3567  0.000e+00
     74.789     74.229    12.9871   4.169227     3.5488     0.3445  0.000e+00
     74.789     74.229    12.9875   4.169227     3.5538     0.3567  0.000e+00
     74.789     74.229    12.9869   4.169227     3.5562     0.3323  0.000e+00
     74.789     74.229    12.9868   4.169227     3.5415     0.3445  0.000e+00
     74.789     74.229    12.9873   4.169227     3.5459     0.3567  0.000e+00
     74.789     74.229    12.9869   4.169190     3.5481     0.3445  0.000e+00
     75.405     74.841    12.9860   4.169227     3.5387     0.3567  0.000e+00
     75.405     74.841    12.9869   4.169271     3.5417     0.3689  0.000e+00
     75.405     74.841    12.9871   4.169227     3.5439     0.3445  0.000e+00
     75.405     74.841    12.9869   4.169271     3.5390     0.3689  0.000e+00
     75.405     74.841    12.9869   4.169271     3.5466     0.3689  0.000e+00
     76.021     75.452    12.9871   4.169227     3.5391     0.3445  0.000e+00
     76.021     75.452    12.9876   4.169271     3.5376     0.3689  0.000e+00
     76.021     75.452    12.9869   4.169227     3.5436     0.3567  0.000e+00
     75.405     74.841    12.9869   4.169308     3.5322     0.3567  0.000e+00
     76.021     75.452    12.9873   4.169289     3.5256     0.3567  0.000e+00
     76.021     75.452    12.9875   4.169308     3.5346     0.3323  0.000e+00
     76.637     76.063    12.9878   4.169345     3.5314     0.3323  0.000e+00
     76.637     76.063    12.9873   4.169345     3.5388     0.3445  0.000e+00
     77.253     76.674    12.9871   4.169346     3.5391     0.3323  0.000e+00
     77.253     76.674    12.9875   4.169346     3.5338     0.3323  0.000e+00
     77.253     76.674    12.9873   4.169308     3.5393     0.3445  0.000e+00
     77.253     76.674    12.9873   4.169346     3.5322     0.3323  0.000e+00
     77.253     76.674    12.9873   4.169308     3.5348     0.3445  0.000e+00
     77.869     77.285    12.9877   4.169309     3.5363     0.3811  0.000e+00
     77.869     77.285    12.9875   4.169309     3.5383     0.3567  0.000e+00
     77.869     77.285    12.9873   4.169309     3.5345     0.3811  0.000e+00
     77.869     77.285    12.9871   4.169346     3.5413     0.3689  0.000e+00
     78.484     77.896    12.9876   4.169346     3.5279     0.3567  0.000e+00
     78.484     77.896    12.9875   4.169389     3.5351     0.3811  0.000e+00
     78.484     77.896    12.9869   4.169389     3.5376     0.3567  0.000e+00
     78.484     77.896    12.9873   4.169346     3.5376     0.3689  0.000e+00
     78.484     77.896    12.9875   4.169389     3.5266     0.3933  0.000e+00
     78.484     77.896    12.9876   4.169346     3.5360     0.3811  0.000e+00
     78.484     77.896    12.9875   4.169389     3.5277     0.3811  0.000e+00
     79.100     78.507    12.9871   4.169346     3.5386     0.3933  0.000e+00
     79.100     78.507    12.9875   4.169390     3.5364     0.3689  0.000e+00
     79.100     78.507    12.9873   4.169390     3.5318     0.3933  0.000e+00
     79.716     79.118    12.9869   4.169390     3.5378     0.3933  0.000e+00
     79.716     79.118    12.9877   4.169427     3.5326     0.3811  0.000e+00
     79.716     79.118    12.9875   4.169427     3.5376     0.3933  0.000e+00
     79.716     79.118    12.9875   4.169390     3.5396     0.3445  0.000e+00
     79.716     79.118    12.9875   4.169427     3.5371     0.3201  0.000e+00
     79.716     79.118    12.9871   4.169347     3.5369     0.3445  0.000e+00
     79.716     79.118    12.9876   4.169427     3.5435     0.3445  0.000e+00
