tests/test4_preprocessing/c002.cnv
* Sea-Bird SBE25 Data File:
* FileName = C:\Users\CAU\Desktop\DEMERSALES 0920\c002.hex
* Software Version 1.59
* Temperature SN = 4959
* Conductivity SN = 3516
* System UpLoad Time = Sep 17 2020 15:13:37
** Ship: B/O: Miguel Oliver
** Cruise: DEMERSALES 0920
** Station:c002
** Date:17/09/2020
** Time (GMT/local):15:00
** Latitude:41 57.836 N
** Longitude:009 02.936 W
** Depth (m):116
** Operador:Chapela
# nquan = 7
# nvalues = 3962                                  
# units = specified
# name 0 = prSM: Pressure, Strain Gauge [db]
# name 1 = depSM: Depth [salt water, m], lat = 36.00
# name 2 = t090C: Temperature [ITS-90, deg C]
# name 3 = c0S/m: Conductivity [S/m]
# name 4 = sbeox0ML/L: Oxygen, SBE 43 [ml/l]
# name 5 = flECO-AFL: Fluorescence, WET Labs ECO-AFL/FL [mg/m^3]
# name 6 = flag:  0.000e+00
# span 0 =     -1.597,    109.273                 
# span 1 =     -1.585,    108.446                 
# span 2 =    12.7605,    18.9715                 
# span 3 =   0.007633,   4.717558                 
# span 4 =     3.2462,     6.6928                 
# span 5 =    -0.3759,    49.1601                 
# span 6 = 0.0000e+00, 0.0000e+00                 
# interval = seconds: 0.125
# start_time = Sep 17 2020 14:59:04 [Instrument's time stamp, header]
# bad_flag = -9.990e-29
*END*
[from data line 1231]
      0.868      0.861    18.0188   4.665324     5.4236     0.5276  0.000e+00
      0.868      0.861    18.0201   4.665324     5.4276     0.5398  0.000e+00
      1.484      1.473    18.0208   4.665260     5.4227     0.5276  0.000e+00
      0.868      0.861    18.0285   4.665454     5.4243     0.5521  0.000e+00
      0.868      0.861    18.0297   4.665953     5.4286     0.5398  0.000e+00
      0.868      0.861    18.0320   4.666167     5.4244     0.5276  0.000e+00
      0.868      0.861    18.0331   4.666531     5.4386     0.5398  0.000e+00
      0.868      0.861    18.0371   4.666621     5.4351     0.5276  0.000e+00
      0.868      0.861    18.0530   4.666991     5.4271     0.5154  0.000e+00
      0.868      0.861    18.0504   4.667899     5.4333     0.5398  0.000e+00
      0.868      0.861    18.0533   4.668516     5.4387     0.5276  0.000e+00
      0.868      0.861    18.0661   4.669164     5.4400     0.5276  0.000e+00
      0.868      0.861    18.0745   4.669638     5.4475     0.5398  0.000e+00
      0.868      0.861    18.0718   4.670196     5.4453     0.5276  0.000e+00
      0.868      0.861    18.0722   4.670540     5.4351     0.5398  0.000e+00
      0.868      0.861    18.0670   4.670112     5.4415     0.5398  0.000e+00
      0.868      0.861    18.0624   4.670027     5.4371     0.5276  0.000e+00
      0.868      0.861    18.0635   4.670242     5.4389     0.5521  0.000e+00
      0.868      0.861    18.0882   4.670631     5.4403     0.5521  0.000e+00
      0.868      0.861    18.1043   4.672525     5.4373     0.5276  0.000e+00
      0.868      0.861    18.1224   4.674193     5.4267     0.5643  0.000e+00
      0.868      0.861    18.1296   4.675193     5.4321     0.5521  0.000e+00
      0.868      0.861    18.1276   4.675550     5.4310     0.5398  0.000e+00
      0.868      0.861    18.1258   4.675622     5.4367     0.5521  0.000e+00
      0.868      0.861    18.1247   4.675680     5.4450     0.5398  0.000e+00
      0.868      0.861    18.1228   4.675505     5.4414     0.5276  0.000e+00
      0.868      0.861    18.1190   4.675362     5.4425     0.5398  0.000e+00
      0.251      0.250    18.1146   4.675122     5.4479     0.5276  0.000e+00
      0.868      0.861    18.1111   4.674583     5.4466     0.5276  0.000e+00
      0.251      0.250    18.1032   4.674103     5.4606     0.5398  0.000e+00
      0.251      0.250    18.0986   4.673259     5.4601     0.5276  0.000e+00
      0.251      0.250    18.0945   4.673090     5.4595     0.5398  0.000e+00
      0.251      0.250    18.0945   4.672675     5.4680     0.5398  0.000e+00
      0.251      0.250    18.1241   4.673453     5.4617     0.5276  0.000e+00
      0.868      0.861    18.1089   4.673564     5.4589     0.5398  0.000e+00
      0.868      0.861    18.1156   4.673389     5.4616     0.5398  0.000e+00
      0.251      0.250    18.0825   4.673973     5.4552     0.5276  0.000e+00
      0.868      0.861    18.1313   4.673064     5.4508     0.5398  0.000e+00
      0.868      0.861    18.0827   4.674817     5.4517     0.5276  0.000e+00
      0.868      0.861    18.0588   4.670891     5.4436     0.5276  0.000e+00
      0.868      0.861    18.0565   4.669463     5.4481     0.5398  0.000e+00
      0.868      0.861    18.0716   4.670157     5.4422     0.5276  0.000e+00
      0.868      0.861    18.0962   4.671020     5.4335     0.5154  0.000e+00
      0.868      0.861    18.1064   4.672960     5.4407     0.5398  0.000e+00
      1.484      1.473    18.1186   4.673324     5.4322     0.5154  0.000e+00
      0.868      0.861    18.1090   4.674408     5.4254     0.5276  0.000e+00
      0.868      0.861    18.1176   4.674252     5.4283     0.5398  0.000e+00
      0.868      0.861    18.1193   4.674862     5.4236     0.5276  0.000e+00
      0.868      0.861    18.1184   4.675102     5.4265     0.5398  0.000e+00
      0.868      0.861    18.1241   4.674602     5.4284     0.5398  0.000e+00
      0.868      0.861    18.1218   4.675206     5.4259     0.5276  0.000e+00
      0.868      0.861    18.1124   4.674843     5.4305     0.5521  0.000e+00
      0.868      0.861    18.1220   4.674947     5.4357     0.5521  0.000e+00
      1.484      1.473    18.1318   4.675713     5.4279     0.5398  0.000e+00
      0.868      0.861    18.1300   4.676245     5.4317     0.5521  0.000e+00
      0.868      0.861    18.1361   4.676544     5.4404     0.5398  0.000e+00
      0.868      0.861    18.1298   4.676628     5.4297     0.5398  0.000e+00
      0.868      0.861    18.1266   4.676329     5.4462     0.5521  0.000e+00
      0.868      0.861    18.1249   4.676070     5.4492     0.5398  0.000e+00
      0.868      0.861    18.1262   4.675894     5.4463     0.5276  0.000e+00
      0.868      0.861    18.1236   4.676148     5.4577     0.5643  0.000e+00
      0.251      0.250    18.1266   4.675940     5.4598     0.5521  0.000e+00
      0.868      0.861    18.1190   4.676057     5.4579     0.5643  0.000e+00
      0.868      0.861    18.1173   4.675466     5.4630     0.5643  0.000e+00
      0.868      0.861    18.1169   4.675336     5.4592     0.5521  0.000e+00
      0.868      0.861    18.1176   4.675492     5.4548     0.5643  0.000e+00
      0.868      0.861    18.1175   4.675375     5.4654     0.5643  0.000e+00
      0.868      0.861    18.1159   4.675148     5.4573     0.5521  0.000e+00
      0.868      0.861    18.1150   4.674947     5.4599     0.5521  0.000e+00
      0.868      0.861    18.1153   4.674947     5.4598     0.5521  0.000e+00
      0.868      0.861    18.1159   4.675018     5.4532     0.5398  0.000e+00
      0.868      0.861    18.1175   4.675122     5.4500     0.5521  0.000e+00
      0.868      0.861    18.1190   4.675291     5.4528     0.5398  0.000e+00
      0.868      0.861    18.1228   4.675453     5.4407     0.5398  0.000e+00
      0.868      0.861    18.1299   4.675810     5.4545     0.5521  0.000e+00
      0.868      0.861    18.1391   4.676621     5.4474     0.5398  0.000e+00
      0.868      0.861    18.1464   4.677582     5.4453     0.5276  0.000e+00
      0.868      0.861    18.1439   4.677797     5.4462     0.5398  0.000e+00
      0.868      0.861    18.1715   4.678491     5.4445     0.5276  0.000e+00
      1.484      1.473    18.1707   4.679654     5.4402     0.5398  0.000e+00
      0.868      0.861    18.1565   4.679972     5.4527     0.5398  0.000e+00
      0.868      0.861    18.1801   4.680563     5.4439     0.5276  0.000e+00
      0.868      0.861    18.1776   4.681602     5.4500     0.5398  0.000e+00
      0.868      0.861    18.1750   4.681083     5.4533     0.5276  0.000e+00
      0.868      0.861    18.1757   4.680823     5.4459     0.5276  0.000e+00
      0.868      0.861    18.1706   4.680576     5.4461     0.5521  0.000e+00
      0.868      0.861    18.1805   4.680608     5.4529     0.5521  0.000e+00
      0.868      0.861    18.2335   4.683031     5.4401     0.5398  0.000e+00
      0.868      0.861    18.2460   4.686670     5.4402     0.5521  0.000e+00
      0.868      0.861    18.2619   4.687846     5.4386     0.5398  0.000e+00
      0.868      0.861    18.2691   4.688314     5.4275     0.5398  0.000e+00
      0.868      0.861    18.2702   4.688229     5.4395     0.5521  0.000e+00
      0.868      0.861    18.2678   4.688892     5.4322     0.5398  0.000e+00
      1.484      1.473    18.2693   4.689224     5.4272     0.5276  0.000e+00
      0.868      0.861    18.2676   4.689055     5.4369     0.5154  0.000e+00
      0.868      0.861    18.2720   4.689139     5.4331     0.5032  0.000e+00
      0.868      0.861    18.2756   4.689659     5.4311     0.5154  0.000e+00
      0.868      0.861    18.2682   4.689835     5.4371     0.5154  0.000e+00
      0.868      0.861    18.2636   4.688925     5.4300     0.5032  0.000e+00
      0.868      0.861    18.2435   4.687761     5.4445     0.5154  0.000e+00
      0.868      0.861    18.2848   4.688404     5.4482     0.5032  0.000e+00
      0.868      0.861    18.2913   4.690569     5.4409     0.5032  0.000e+00
      0.251      0.250    18.2894   4.691700     5.4440     0.5398  0.000e+00
      0.251      0.250    18.2857   4.691134     5.4509     0.5276  0.000e+00
      0.251      0.250    18.2817   4.691349     5.4481     0.5276  0.000e+00
      0.868      0.861    18.2815   4.691395     5.4613     0.5521  0.000e+00
      0.251      0.250    18.2754   4.691089     5.4645     0.5276  0.000e+00
      0.868      0.861    18.2578   4.690615     5.4547     0.5276  0.000e+00
      0.868      0.861    18.2340   4.689575     5.4611     0.5398  0.000e+00
      0.868      0.861    18.2499   4.686799     5.4552     0.5154  0.000e+00
      0.251      0.250    18.2746   4.689613     5.4562     0.5154  0.000e+00
      0.251      0.250    18.2756   4.690614     5.4646     0.5521  0.000e+00
      0.868      0.861    18.2714   4.690745     5.4583     0.5398  0.000e+00
      0.868      0.861    18.2749   4.690901     5.4525     0.5521  0.000e+00
      0.868      0.861    18.2758   4.691135     5.4506     0.5521  0.000e+00
      0.868      0.861    18.2702   4.690920     5.4510     0.5398  0.000e+00
      0.868      0.861    18.2810   4.691180     5.4536     0.5521  0.000e+00
      0.868      0.861    18.2857   4.691739     5.4582     0.5398  0.000e+00
      0.868      0.861    18.2815   4.691739     5.4542     0.5398  0.000e+00
      0.868      0.861    18.2775   4.691655     5.4618     0.5765  0.000e+00
      0.868      0.861    18.2724   4.691180     5.4681     0.5521  0.000e+00
      0.868      0.861    18.2728   4.691005     5.4571     0.5643  0.000e+00
      0.868      0.861    18.2739   4.690959     5.4580     0.5765  0.000e+00
      0.868      0.861    18.2714   4.690920     5.4632     0.5643  0.000e+00
      0.868      0.861    18.2245   4.689744     5.4619     0.5765  0.000e+00
      0.868      0.861    18.2043   4.685026     5.4712     0.5765  0.000e+00
      0.868      0.861    18.2226   4.685370     5.4642     0.5643  0.000e+00
      0.868      0.861    18.2428   4.685545     5.4659     0.5521  0.000e+00
      0.868      0.861    18.2468   4.688665     5.4709     0.5521  0.000e+00
      0.868      0.861    18.2382   4.688620     5.4604     0.5398  0.000e+00
      0.868      0.861    18.1760   4.685156     5.4670     0.5521  0.000e+00
      0.868      0.861    18.1859   4.681472     5.4644     0.5521  0.000e+00
      0.868      0.861    18.1654   4.682512     5.4597     0.5398  0.000e+00
      0.868      0.861    18.1583   4.680823     5.4627     0.5521  0.000e+00
      0.868      0.861    18.1698   4.680823     5.4657     0.5398  0.000e+00
      0.868      0.861    18.1730   4.680972     5.4569     0.5398  0.000e+00
      0.868      0.861    18.1696   4.680953     5.4571     0.5398  0.000e+00
      0.868      0.861    18.1770   4.681083     5.4617     0.5154  0.000e+00
      1.484      1.473    18.1831   4.681518     5.4606     0.5276  0.000e+00
      0.868      0.861    18.1757   4.681434     5.4759     0.5398  0.000e+00
      0.868      0.861    18.1753   4.681693     5.4713     0.5276  0.000e+00
      1.484      1.473    18.1583   4.681538     5.4653     0.5398  0.000e+00
      0.868      0.861    18.1452   4.680219     5.4706     0.5398  0.000e+00
      0.868      0.861    18.1629   4.679699     5.4694     0.5276  0.000e+00
      0.868      0.861    18.1606   4.680005     5.4746     0.5154  0.000e+00
      1.484      1.473    18.1508   4.679492     5.4871     0.5398  0.000e+00
      1.484      1.473    18.1481   4.678706     5.4890     0.5154  0.000e+00
      0.868      0.861    18.1456   4.678531     5.4949     0.5521  0.000e+00
      1.484      1.473    18.1479   4.678362     5.5055     0.5276  0.000e+00
      1.484      1.473    18.1570   4.678790     5.4989     0.5276  0.000e+00
      1.484      1.473    18.1561   4.679356     5.5036     0.5398  0.000e+00
      1.484      1.473    18.1566   4.679407     5.5057     0.5154  0.000e+00
      1.484      1.473    18.1530   4.679011     5.5013     0.5276  0.000e+00
      2.100      2.085    18.1565   4.679096     5.5070     0.5032  0.000e+00
      1.484      1.473    18.1578   4.679622     5.5100     0.4788  0.000e+00
      2.100      2.085    18.1460   4.678791     5.5072     0.4910  0.000e+00
      2.100      2.085    18.1478   4.678531     5.5174     0.5154  0.000e+00
      2.100      2.085    18.1850   4.679232     5.5154     0.4910  0.000e+00
      2.100      2.085    18.2195   4.683727     5.5176     0.5154  0.000e+00
      2.100      2.085    18.2279   4.685715     5.5203     0.5032  0.000e+00
      2.100      2.085    18.2205   4.686365     5.5084     0.4910  0.000e+00
      2.716      2.696    18.2107   4.685111     5.5027     0.4788  0.000e+00
      2.716      2.696    18.2073   4.684546     5.5125     0.5276  0.000e+00
      2.716      2.696    18.2073   4.684416     5.5039     0.5154  0.000e+00
      2.716      2.696    18.2043   4.684026     5.5062     0.5276  0.000e+00
      2.716      2.696    18.2121   4.684546     5.5099     0.5154  0.000e+00
      2.716      2.696    18.2090   4.684767     5.5049     0.5154  0.000e+00
      3.332      3.308    18.2090   4.684676     5.5116     0.5276  0.000e+00
      3.332      3.308    18.2239   4.685066     5.5098     0.5032  0.000e+00
      3.332      3.308    18.2197   4.686327     5.5034     0.5276  0.000e+00
      3.332      3.308    18.2247   4.685761     5.5054     0.5398  0.000e+00
      3.332      3.308    18.2370   4.686716     5.5077     0.5276  0.000e+00
      3.948      3.920    18.2180   4.686587     5.5006     0.5398  0.000e+00
      3.948      3.920    18.2291   4.686671     5.5064     0.5398  0.000e+00
      3.948      3.920    18.2199   4.685930     5.5034     0.5276  0.000e+00
      3.948      3.920    18.2031   4.684975     5.5101     0.5398  0.000e+00
      4.565      4.531    18.2140   4.684807     5.5165     0.5398  0.000e+00
      4.565      4.531    18.2096   4.685288     5.5170     0.5276  0.000e+00
      4.565      4.531    18.2128   4.685157     5.5153     0.5154  0.000e+00
      4.565      4.531    18.2184   4.685326     5.5199     0.5887  0.000e+00
      4.565      4.531    18.2283   4.685807     5.5143     0.5765  0.000e+00
      5.181      5.143    18.2447   4.688023     5.5156     0.5887  0.000e+00
      5.181      5.143    18.2127   4.686328     5.5192     0.5765  0.000e+00
      5.181      5.143    18.2050   4.684807     5.5110     0.5765  0.000e+00
      5.181      5.143    18.1938   4.684027     5.5188     0.5887  0.000e+00
      5.797      5.754    18.2007   4.684073     5.5189     0.5765  0.000e+00
      5.797      5.754    18.1988   4.683989     5.5179     0.5887  0.000e+00
      5.797      5.754    18.2022   4.684028     5.5250     0.5643  0.000e+00
      5.797      5.754    18.2308   4.685418     5.5200     0.5521  0.000e+00
      5.797      5.754    18.2110   4.685717     5.5118     0.5643  0.000e+00
      6.413      6.366    18.2098   4.685763     5.5185     0.5643  0.000e+00
      6.413      6.366    18.2026   4.684320     5.5102     0.5521  0.000e+00
      6.413      6.366    18.1190   4.679930     5.5199     0.5643  0.000e+00
      6.413      6.366    18.1934   4.679182     5.5214     0.5643  0.000e+00
      6.413      6.366    18.1285   4.680956     5.5192     0.5521  0.000e+00
      6.413      6.366    18.1790   4.677929     5.5308     0.5398  0.000e+00
      7.029      6.978    18.2218   4.683683     5.5254     0.5765  0.000e+00
      7.029      6.978    18.2157   4.686634     5.5219     0.5765  0.000e+00
      7.645      7.589    18.1578   4.681931     5.5372     0.6009  0.000e+00
      7.645      7.589    18.1795   4.679228     5.5342     0.5765  0.000e+00
      7.029      6.978    18.1491   4.680527     5.5264     0.5765  0.000e+00
      7.645      7.589    18.1753   4.680787     5.5189     0.5887  0.000e+00
      7.645      7.589    18.1188   4.678105     5.5258     0.5643  0.000e+00
      7.645      7.589    18.1089   4.674904     5.5258     0.5887  0.000e+00
