tests/test4_preprocessing/c002.cnv
* Sea-Bird SBE25 Data File:
* FileName = C:\Users\CAU\Desktop\DEMERSALES 0920\c002.hex
* Software Version 1.59
* Temperature SN = 4959
* Conductivity SN = 3516
* System UpLoad Time = Sep 17 2020 15:13:37
** Ship: B/O: Miguel Oliver
** Cruise: DEMERSALES 0920
** Station:c002
** Date:17/09/2020
** Time (GMT/local):15:00
** Latitude:41 57.836 N
** Longitude:009 02.936 W
** Depth (m):116
** Operador:Chapela
# nquan = 7
# nvalues = 3962                                  
# units = specified
# name 0 = prSM: Pressure, Strain Gauge [db]
# name 1 = depSM: Depth [salt water, m], lat = 36.00
# name 2 = t090C: Temperature [ITS-90, deg C]
# name 3 = c0S/m: Conductivity [S/m]
# name 4 = sbeox0ML/L: Oxygen, SBE 43 [ml/l]
# name 5 = flECO-AFL: Fluorescence, WET Labs ECO-AFL/FL [mg/m^3]
# name 6 = flag:  0.000e+00
# span 0 =     -1.597,    109.273                 
# span 1 =     -1.585,    108.446                 
# span 2 =    12.7605,    18.9715                 
# span 3 =   0.007633,   4.717558                 
# span 4 =     3.2462,     6.6928                 
# span 5 =    -0.3759,    49.1601                 
# span 6 = 0.0000e+00, 0.0000e+00                 
# interval = seconds: 0.125
# start_time = Sep 17 2020 14:59:04 [Instrument's time stamp, header]
# bad_flag = -9.990e-29
*END*
[from data line 616]
      1.484      1.473    17.9246   4.660202     5.2106     0.5276  0.000e+00
      1.484      1.473    17.9528   4.658614     5.2271     0.5398  0.000e+00
      1.484      1.473    17.9514   4.660066     5.2054     0.5276  0.000e+00
      1.484      1.473    17.9353   4.660066     5.2073     0.5643  0.000e+00
      1.484      1.473    17.9359   4.658983     5.2200     0.5765  0.000e+00
      1.484      1.473    17.8802   4.656262     5.2257     0.5643  0.000e+00
      1.484      1.473    17.8705   4.652594     5.2093     0.5765  0.000e+00
      1.484      1.473    17.8609   4.651123     5.1985     0.5765  0.000e+00
      1.484      1.473    17.8461   4.650087     5.1774     0.5643  0.000e+00
      1.484      1.473    17.8431   4.649226     5.1815     0.5765  0.000e+00
      0.868      0.861    17.8591   4.648966     5.1946     0.5765  0.000e+00
      0.868      0.861    17.8530   4.649374     5.1781     0.5765  0.000e+00
      0.868      0.861    17.8581   4.649057     5.1811     0.6009  0.000e+00
      1.484      1.473    17.8640   4.649400     5.1758     0.5887  0.000e+00
      0.868      0.861    17.8703   4.649873     5.1867     0.5765  0.000e+00
      0.868      0.861    17.8781   4.650216     5.1413     0.6009  0.000e+00
      0.868      0.861    17.8810   4.650864     5.1537     0.5887  0.000e+00
      0.868      0.861    17.8766   4.651168     5.1462     0.5887  0.000e+00
      0.868      0.861    17.8762   4.650909     5.1462     0.6009  0.000e+00
      0.868      0.861    17.8949   4.651252     5.1335     0.5765  0.000e+00
      0.251      0.250    17.9059   4.652761     5.1278     0.5765  0.000e+00
      0.251      0.250    17.9088   4.653714     5.1643     0.5887  0.000e+00
      0.251      0.250    17.9213   4.654400     5.1447     0.5765  0.000e+00
      0.251      0.250    17.9342   4.655483     5.1604     0.5887  0.000e+00
      0.251      0.250    17.9296   4.656610     5.1563     0.5887  0.000e+00
      0.251      0.250    17.9412   4.656779     5.1412     0.5765  0.000e+00
      0.251      0.250    17.9714   4.658425     5.1563     0.5887  0.000e+00
      0.251      0.250    17.9685   4.659903     5.1541     0.5643  0.000e+00
      0.251      0.250    17.9859   4.660460     5.1406     0.5276  0.000e+00
     -0.365     -0.362    17.9927   4.661536     5.1646     0.5521  0.000e+00
     -0.365     -0.362    17.9954   4.662010     5.2037     0.5276  0.000e+00
     -0.365     -0.362    17.9946   4.662399     5.2183     0.5276  0.000e+00
     -0.365     -0.362    17.9865   4.662399     5.2160     0.5398  0.000e+00
     -0.365     -0.362    17.9840   4.661666     5.2185     0.5154  0.000e+00
     -0.365     -0.362    17.9838   4.661452     5.2330     0.5276  0.000e+00
     -0.365     -0.362    17.9830   4.661452     5.2439     0.5276  0.000e+00
     -0.365     -0.362    17.9804   4.661277     5.2206     0.5276  0.000e+00
     -0.365     -0.362    17.9757   4.661102     5.2105     0.5398  0.000e+00
      0.251      0.250    17.9764   4.660629     5.2206     0.5521  0.000e+00
     -0.365     -0.362    17.9787   4.660765     5.2194     0.5276  0.000e+00
     -0.365     -0.362    17.9720   4.660713     5.2277     0.5521  0.000e+00
      0.251      0.250    17.9693   4.660324     5.2268     0.5521  0.000e+00
      0.251      0.250    17.9702   4.659935     5.2489     0.5398  0.000e+00
      0.251      0.250    17.9806   4.660545     5.2679     0.5398  0.000e+00
      0.251      0.250    17.9798   4.661102     5.2953     0.5276  0.000e+00
      0.251      0.250    17.9879   4.661148     5.2446     0.5398  0.000e+00
      0.251      0.250    17.9892   4.662055     5.2465     0.5521  0.000e+00
      0.251      0.250    17.9810   4.661880     5.2709     0.5276  0.000e+00
      0.251      0.250    17.9552   4.660675     5.2349     0.5398  0.000e+00
      0.251      0.250    17.9529   4.658652     5.2366     0.5521  0.000e+00
      0.251      0.250    17.9760   4.659255     5.2562     0.5276  0.000e+00
      0.868      0.861    17.9833   4.661018     5.2617     0.5398  0.000e+00
      0.868      0.861    17.9722   4.661232     5.2505     0.5521  0.000e+00
      0.868      0.861    17.9724   4.660506     5.2557     0.5398  0.000e+00
      0.868      0.861    17.9704   4.660506     5.2126     0.5521  0.000e+00
      0.868      0.861    17.9463   4.660150     5.2165     0.5521  0.000e+00
      0.868      0.861    17.9100   4.656002     5.2024     0.5398  0.000e+00
      0.868      0.861    17.8732   4.653844     5.1915     0.5521  0.000e+00
      1.484      1.473    17.8509   4.650152     5.1832     0.5398  0.000e+00
      1.484      1.473    17.8608   4.648966     5.1750     0.5276  0.000e+00
      0.868      0.861    17.8793   4.650002     5.1859     0.5521  0.000e+00
      0.868      0.861    17.8735   4.651343     5.2056     0.5398  0.000e+00
      1.484      1.473    17.8676   4.650735     5.1949     0.5643  0.000e+00
      1.484      1.473    17.8691   4.650391     5.1947     0.5765  0.000e+00
      1.484      1.473    17.8735   4.650346     5.2045     0.5643  0.000e+00
      1.484      1.473    17.8821   4.651039     5.1951     0.5643  0.000e+00
      1.484      1.473    17.8873   4.651823     5.1952     0.5765  0.000e+00
      1.484      1.473    17.8843   4.651725     5.2130     0.5521  0.000e+00
      1.484      1.473    17.8785   4.651382     5.2113     0.5765  0.000e+00
      1.484      1.473    17.8722   4.651123     5.2152     0.5765  0.000e+00
      1.484      1.473    17.8633   4.649873     5.2192     0.5643  0.000e+00
      1.484      1.473    17.8709   4.649743     5.2275     0.5765  0.000e+00
      1.484      1.473    17.8560   4.650178     5.2282     0.5765  0.000e+00
      1.484      1.473    17.8408   4.648409     5.2546     0.5643  0.000e+00
      1.484      1.473    17.8416   4.647276     5.2388     0.5765  0.000e+00
      1.484      1.473    17.8448   4.647457     5.2373     0.5521  0.000e+00
      1.484      1.473    17.8461   4.647716     5.2301     0.5643  0.000e+00
      1.484      1.473    17.8457   4.647762     5.2494     0.5765  0.000e+00
      1.484      1.473    17.8446   4.647360     5.2592     0.5643  0.000e+00
      1.484      1.473    17.8421   4.647457     5.2619     0.5765  0.000e+00
      1.484      1.473    17.8387   4.647328     5.2841     0.5887  0.000e+00
      1.484      1.473    17.8362   4.646901     5.2742     0.5765  0.000e+00
      1.484      1.473    17.8318   4.646551     5.2623     0.5765  0.000e+00
      1.484      1.473    17.8318   4.646382     5.2718     0.5765  0.000e+00
      1.484      1.473    17.8425   4.646985     5.2571     0.5765  0.000e+00
      1.484      1.473    17.8556   4.647846     5.2712     0.6009  0.000e+00
      1.484      1.473    17.8619   4.648493     5.2574     0.5887  0.000e+00
      1.484      1.473    17.8673   4.649011     5.2590     0.5765  0.000e+00
      1.484      1.473    17.8709   4.649633     5.2407     0.5765  0.000e+00
      1.484      1.473    17.8720   4.649828     5.2538     0.5765  0.000e+00
      0.868      0.861    17.8714   4.650002     5.2734     0.5643  0.000e+00
      0.868      0.861    17.8693   4.650048     5.2506     0.5643  0.000e+00
      0.868      0.861    17.8709   4.649788     5.2777     0.5521  0.000e+00
      0.868      0.861    17.8792   4.650047     5.2607     0.5643  0.000e+00
      0.868      0.861    17.8768   4.650650     5.2652     0.5765  0.000e+00
      0.868      0.861    17.8806   4.650650     5.2626     0.5643  0.000e+00
      0.868      0.861    17.8922   4.650993     5.2740     0.5887  0.000e+00
      0.868      0.861    17.8939   4.651557     5.2777     0.6009  0.000e+00
      0.868      0.861    17.8945   4.651997     5.3083     0.5887  0.000e+00
      0.868      0.861    17.8960   4.652334     5.3045     0.5887  0.000e+00
      0.251      0.250    17.9046   4.652632     5.3075     0.6009  0.000e+00
      0.251      0.250    17.9120   4.653280     5.2971     0.5887  0.000e+00
      0.251      0.250    17.9160   4.654057     5.2932     0.6009  0.000e+00
      0.251      0.250    17.9138   4.654362     5.3009     0.6009  0.000e+00
      0.251      0.250    17.9092   4.654187     5.3087     0.5887  0.000e+00
      0.251      0.250    17.9090   4.653882     5.2959     0.5276  0.000e+00
      0.251      0.250    17.9123   4.653843     5.3130     0.5276  0.000e+00
      0.251      0.250    17.9044   4.654103     5.3307     0.5032  0.000e+00
      0.251      0.250    17.8914   4.653196     5.3193     0.5276  0.000e+00
     -0.365     -0.362    17.8976   4.652463     5.3140     0.5154  0.000e+00
     -0.981     -0.974    17.8953   4.652288     5.3060     0.5154  0.000e+00
     -0.365     -0.362    17.8903   4.652372     5.3101     0.5276  0.000e+00
     -0.365     -0.362    17.8911   4.652249     5.3415     0.5154  0.000e+00
     -0.365     -0.362    17.8936   4.652204     5.2974     0.5154  0.000e+00
     -0.365     -0.362    17.8943   4.652334     5.3126     0.5276  0.000e+00
     -0.365     -0.362    17.8914   4.652165     5.3163     0.5032  0.000e+00
     -0.365     -0.362    17.8857   4.651815     5.3052     0.5276  0.000e+00
     -0.365     -0.362    17.8846   4.651466     5.3469     0.5276  0.000e+00
     -0.365     -0.362    17.8841   4.651427     5.3144     0.5154  0.000e+00
      0.251      0.250    17.8850   4.651511     5.3074     0.5276  0.000e+00
      0.251      0.250    17.8834   4.651479     5.3147     0.5154  0.000e+00
      0.251      0.250    17.8865   4.651297     5.3015     0.5154  0.000e+00
      0.251      0.250    17.8966   4.652334     5.3464     0.5398  0.000e+00
      0.251      0.250    17.9243   4.653020     5.3415     0.5154  0.000e+00
      0.251      0.250    17.9243   4.655483     5.3211     0.5276  0.000e+00
      0.251      0.250    17.9331   4.655528     5.3306     0.5398  0.000e+00
      0.868      0.861    17.9319   4.655917     5.3128     0.5276  0.000e+00
      0.868      0.861    17.9199   4.655658     5.2939     0.5276  0.000e+00
      0.251      0.250    17.9163   4.654796     5.3014     0.5398  0.000e+00
      0.868      0.861    17.9302   4.654958     5.2931     0.5276  0.000e+00
      0.868      0.861    17.9426   4.657233     5.2805     0.5276  0.000e+00
      0.868      0.861    17.9065   4.655516     5.2627     0.5398  0.000e+00
      0.868      0.861    17.9027   4.654796     5.2550     0.5276  0.000e+00
      0.868      0.861    17.8880   4.652030     5.2377     0.5521  0.000e+00
      0.868      0.861    17.8928   4.652075     5.2575     0.5398  0.000e+00
      0.868      0.861    17.8995   4.652593     5.2569     0.5276  0.000e+00
      0.868      0.861    17.8960   4.652891     5.2500     0.5398  0.000e+00
      1.484      1.473    17.8981   4.652723     5.2619     0.5276  0.000e+00
      0.868      0.861    17.9026   4.653157     5.2644     0.5276  0.000e+00
      1.484      1.473    17.9069   4.653280     5.2789     0.5765  0.000e+00
      1.484      1.473    17.9601   4.654925     5.2947     0.5643  0.000e+00
      1.484      1.473    17.9922   4.660020     5.3181     0.5643  0.000e+00
      1.484      1.473    17.9958   4.661881     5.3076     0.5765  0.000e+00
      0.868      0.861    17.9948   4.662140     5.3116     0.5643  0.000e+00
      1.484      1.473    17.9963   4.662270     5.3004     0.5765  0.000e+00
      1.484      1.473    17.9971   4.662400     5.3145     0.5765  0.000e+00
      1.484      1.473    17.9963   4.662529     5.2998     0.5643  0.000e+00
      1.484      1.473    17.9942   4.662400     5.3097     0.5398  0.000e+00
      1.484      1.473    17.9959   4.662400     5.3416     0.5521  0.000e+00
      1.484      1.473    17.9982   4.662529     5.3520     0.5398  0.000e+00
      1.484      1.473    17.9966   4.662698     5.3159     0.5521  0.000e+00
      1.484      1.473    17.9957   4.662620     5.3073     0.5521  0.000e+00
      1.484      1.473    17.9937   4.662614     5.3064     0.5398  0.000e+00
      1.484      1.473    17.9899   4.662361     5.3292     0.5521  0.000e+00
      1.484      1.473    17.9865   4.661972     5.3203     0.5398  0.000e+00
      1.484      1.473    17.9889   4.661965     5.3041     0.5276  0.000e+00
      1.484      1.473    17.9901   4.662011     5.3120     0.5398  0.000e+00
      1.484      1.473    17.9899   4.662011     5.2963     0.5276  0.000e+00
      1.484      1.473    17.9891   4.661881     5.2946     0.5276  0.000e+00
      0.868      0.861    17.9870   4.661842     5.3100     0.5398  0.000e+00
      1.484      1.473    17.9856   4.661836     5.3064     0.5276  0.000e+00
      1.484      1.473    17.9857   4.661667     5.3218     0.5398  0.000e+00
      1.484      1.473    17.9869   4.661622     5.2955     0.5398  0.000e+00
      1.484      1.473    17.9880   4.661712     5.2859     0.5276  0.000e+00
      0.868      0.861    17.9876   4.661751     5.2788     0.5521  0.000e+00
      0.868      0.861    17.9871   4.661712     5.2900     0.5521  0.000e+00
      0.868      0.861    17.9852   4.661712     5.2860     0.5398  0.000e+00
      0.868      0.861    17.9842   4.661492     5.2864     0.5521  0.000e+00
      0.868      0.861    17.9848   4.661492     5.2823     0.5521  0.000e+00
      0.868      0.861    17.9833   4.661407     5.2754     0.5398  0.000e+00
      0.868      0.861    17.9817   4.661453     5.2836     0.5521  0.000e+00
      0.868      0.861    17.9850   4.661407     5.2818     0.5276  0.000e+00
      0.868      0.861    17.9884   4.661667     5.2831     0.5398  0.000e+00
      0.868      0.861    17.9871   4.661796     5.2811     0.6009  0.000e+00
      0.868      0.861    17.9899   4.661751     5.2860     0.5765  0.000e+00
      0.868      0.861    17.9936   4.662095     5.2631     0.5887  0.000e+00
      0.868      0.861    17.9959   4.662399     5.2775     0.6009  0.000e+00
      0.251      0.250    17.9930   4.662438     5.2790     0.5887  0.000e+00
      0.251      0.250    17.9892   4.662185     5.2991     0.6009  0.000e+00
      0.251      0.250    17.9865   4.662010     5.2945     0.6009  0.000e+00
     -0.365     -0.362    17.9796   4.661712     5.2959     0.5887  0.000e+00
      0.251      0.250    17.9702   4.660713     5.3024     0.6009  0.000e+00
      0.251      0.250    17.9613   4.659722     5.3276     0.5887  0.000e+00
      0.251      0.250    17.9514   4.659041     5.3133     0.5765  0.000e+00
      0.251      0.250    17.9496   4.658354     5.3023     0.5887  0.000e+00
      0.251      0.250    17.9240   4.657706     5.3307     0.5765  0.000e+00
      0.251      0.250    17.9180   4.656293     5.3062     0.5765  0.000e+00
      0.251      0.250    17.9168   4.655729     5.3279     0.5887  0.000e+00
      0.251      0.250    17.9174   4.655087     5.3213     0.5765  0.000e+00
      0.251      0.250    17.9220   4.655139     5.3209     0.5765  0.000e+00
      0.251      0.250    17.9316   4.655573     5.3550     0.5643  0.000e+00
      0.251      0.250    17.9468   4.656649     5.3332     0.5521  0.000e+00
      0.251      0.250    17.9554   4.657945     5.3272     0.5521  0.000e+00
      0.251      0.250    17.9577   4.658380     5.3253     0.5643  0.000e+00
     -0.365     -0.362    17.9535   4.658509     5.3148     0.5521  0.000e+00
      0.251      0.250    17.9551   4.658354     5.2977     0.5643  0.000e+00
      0.251      0.250    17.9557   4.658438     5.3109     0.5643  0.000e+00
      0.251      0.250    17.9498   4.658568     5.3049     0.5521  0.000e+00
      0.251      0.250    17.9506   4.657861     5.3025     0.5643  0.000e+00
      0.251      0.250    17.9452   4.658166     5.3220     0.5521  0.000e+00
      0.251      0.250    17.9444   4.656954     5.3198     0.5398  0.000e+00
      0.868      0.861    17.9574   4.658075     5.3194     0.5521  0.000e+00
      0.868      0.861    17.9727   4.659242     5.3181     0.5398  0.000e+00
      0.251      0.250    17.9871   4.660759     5.3036     0.5398  0.000e+00
