tests/test4_preprocessing/c002.cnv
* Sea-Bird SBE25 Data File:
* FileName = C:\Users\CAU\Desktop\DEMERSALES 0920\c002.hex
* Software Version 1.59
* Temperature SN = 4959
* Conductivity SN = 3516
* System UpLoad Time = Sep 17 2020 15:13:37
** Ship: B/O: Miguel Oliver
** Cruise: DEMERSALES 0920
** Station:c002
** Date:17/09/2020
** Time (GMT/local):15:00
** Latitude:41 57.836 N
** Longitude:009 02.936 W
** Depth (m):116
** Operador:Chapela
# nquan = 7
# nvalues = 3962                                  
# units = specified
# name 0 = prSM: Pressure, Strain Gauge [db]
# name 1 = depSM: Depth [salt water, m], lat = 36.00
# name 2 = t090C: Temperature [ITS-90, deg C]
# name 3 = c0S/m: Conductivity [S/m]
# name 4 = sbeox0ML/L: Oxygen, SBE 43 [ml/l]
# name 5 = flECO-AFL: Fluorescence, WET Labs ECO-AFL/FL [mg/m^3]
# name 6 = flag:  0.000e+00
# span 0 =     -1.597,    109.273                 
# span 1 =     -1.585,    108.446                 
# span 2 =    12.7605,    18.9715                 
# span 3 =   0.007633,   4.717558                 
# span 4 =     3.2462,     6.6928                 
# span 5 =    -0.3759,    49.1601                 
# span 6 = 0.0000e+00, 0.0000e+00                 
# interval = seconds: 0.125
# start_time = Sep 17 2020 14:59:04 [Instrument's time stamp, header]
# bad_flag = -9.990e-29
*END*
[from data line 3693]
      0.868      0.861    18.2625   4.687579     5.5178     0.6619  0.000e+00
      0.868      0.861    18.2684   4.688405     5.5224     0.6742  0.000e+00
      0.251      0.250    18.2867   4.689269     5.5210     0.6619  0.000e+00
      0.251      0.250    18.2885   4.689789     5.5209     0.6619  0.000e+00
     -0.365     -0.362    18.3207   4.691784     5.5229     0.6742  0.000e+00
     -0.365     -0.362    18.3242   4.695738     5.5241     0.5765  0.000e+00
     -0.365     -0.362    18.3902   4.699295     5.5233     0.6009  0.000e+00
     -0.365     -0.362    18.4133   4.700948     5.5292     0.6009  0.000e+00
     -0.981     -0.974    18.4509   4.703641     5.5299     0.5887  0.000e+00
     -0.365     -0.362    18.4905   4.706648     5.5295     0.6009  0.000e+00
     -0.981     -0.974    18.5320   4.711356     5.5399     0.6009  0.000e+00
     -0.981     -0.974    18.5528   4.715720     5.5392     0.6009  0.000e+00
     -0.981     -0.974    18.5652   4.717558     5.5473     0.6131  0.000e+00
     -0.981     -0.974    18.5661   4.717519     5.5331     0.6131  0.000e+00
     -0.981     -0.974    18.5588   2.426092     6.1664     0.8695  0.000e+00
     -0.981     -0.974    18.5558   0.954234     6.5621     0.8817  0.000e+00
     -1.597     -1.585    18.5279   0.846450     6.5802     0.8695  0.000e+00
     -0.981     -0.974    18.4802   1.109095     6.5067     0.8695  0.000e+00
     -0.981     -0.974    18.4478   0.705956     6.6256     0.8817  0.000e+00
     -0.981     -0.974    18.4147   0.846046     6.5856     0.8695  0.000e+00
     -0.981     -0.974    18.3821   0.698565     6.6183     0.8817  0.000e+00
     -0.981     -0.974    18.3469   0.600109     6.6524     0.8939  0.000e+00
     -0.981     -0.974    18.3120   0.410688     6.6928     2.2370  0.000e+00
     -0.981     -0.974    18.2691   0.540895     6.6585     2.2492  0.000e+00
     -0.981     -0.974    18.2707   1.183184     6.4691     2.2492  0.000e+00
     -0.981     -0.974    18.2886   2.048629     6.2228     2.2370  0.000e+00
     -0.981     -0.974    18.3161   1.586182     6.3593     2.2492  0.000e+00
     -0.981     -0.974    18.2895   3.731349     5.7616     2.2370  0.000e+00
     -0.981     -0.974    18.2739   4.632305     5.5124     2.2492  0.000e+00
     -0.981     -0.974    18.2796   4.618680     5.5259     2.2492  0.000e+00
     -0.981     -0.974    18.2695   4.595688     5.5202     2.2248  0.000e+00
     -0.981     -0.974    18.2525   4.414401     5.5567     2.3103  0.000e+00
     -0.981     -0.974    18.2393   4.586166     5.4848     2.3103  0.000e+00
     -0.981     -0.974    18.2283   4.600544     5.4405     2.2981  0.000e+00
     -0.981     -0.974    18.2191   4.594374     5.3973     2.3103  0.000e+00
     -0.981     -0.974    18.2106   4.561352     5.3641     2.3103  0.000e+00
     -0.981     -0.974    18.2033   2.644618     5.8298     2.2981  0.000e+00
     -0.981     -0.974    18.1976   0.723183     6.2790     2.3103  0.000e+00
     -0.981     -0.974    18.1919   0.711769     6.2117     2.2859  0.000e+00
     -0.981     -0.974    18.1881   0.693536     6.1272     2.2492  0.000e+00
     -0.981     -0.974    18.1860   0.670782     6.0543     2.2615  0.000e+00
     -0.981     -0.974    18.1839   0.657342     5.9724     2.2492  0.000e+00
     -0.981     -0.974    18.1829   0.874992     5.8270     2.2615  0.000e+00
     -0.981     -0.974    18.1801   0.860585     5.7670     2.2615  0.000e+00
     -0.981     -0.974    18.1831   0.693229     5.7368     2.2492  0.000e+00
     -0.981     -0.974    18.1898   0.729085     5.6731     2.2615  0.000e+00
     -0.981     -0.974    18.1953   0.681713     5.6391     2.2615  0.000e+00
     -0.981     -0.974    18.2008   0.617477     5.6135     2.2370  0.000e+00
     -0.981     -0.974    18.2060   0.592602     5.5901     0.2224  0.000e+00
     -0.981     -0.974    18.2110   0.539941     5.5847     0.1980  0.000e+00
     -0.981     -0.974    18.2168   0.503947     5.5648     0.1980  0.000e+00
     -0.981     -0.974    18.2216   0.468826     5.5699     0.2102  0.000e+00
     -0.981     -0.974    18.2262   0.438502     5.5765     0.1858  0.000e+00
     -0.981     -0.974    18.2321   0.407974     5.5752     0.1980  0.000e+00
     -0.981     -0.974    18.2369   0.401398     5.5887     0.2102  0.000e+00
     -0.981     -0.974    18.2418   0.375486     5.6009     0.1858  0.000e+00
     -1.597     -1.585    18.2464   0.358489     5.6081     0.7352  0.000e+00
     -0.981     -0.974    18.2505   0.350737     5.6291     0.7474  0.000e+00
     -0.981     -0.974    18.2552   0.345126     5.6311     0.7352  0.000e+00
     -0.981     -0.974    18.2596   0.352444     5.6385     0.7474  0.000e+00
     -0.981     -0.974    18.2628   0.357512     5.6537     0.7474  0.000e+00
     -0.981     -0.974    18.2678   0.374823     5.6501     0.7352  0.000e+00
     -0.981     -0.974    18.2712   0.384208     5.6603     0.7474  0.000e+00
     -0.981     -0.974    18.2749   0.389100     5.6713     0.7352  0.000e+00
     -0.981     -0.974    18.2783   0.400259     5.6749     0.7230  0.000e+00
     -0.981     -0.974    18.2815   0.400511     5.6794     0.1003  0.000e+00
     -0.981     -0.974    18.2852   0.414652     5.6896     0.0881  0.000e+00
     -0.981     -0.974    18.2885   0.411340     5.6955     0.0881  0.000e+00
     -0.981     -0.974    18.2913   0.402821     5.7136     0.1125  0.000e+00
     -0.981     -0.974    18.2949   0.395966     5.7231     0.0759  0.000e+00
     -0.981     -0.974    18.2982   0.397680     5.7220     0.0881  0.000e+00
     -0.981     -0.974    18.3012   0.396721     5.7358     0.1003  0.000e+00
     -1.597     -1.585    18.3041   0.390784     5.7408     0.0881  0.000e+00
     -0.981     -0.974    18.3068   0.375499     5.7460     0.0270  0.000e+00
     -0.981     -0.974    18.3096   0.359779     5.7615     0.0392  0.000e+00
     -0.981     -0.974    18.3121   0.392316     5.7590     0.0148  0.000e+00
     -0.981     -0.974    18.3143   0.398108     5.7622     0.0392  0.000e+00
     -0.981     -0.974    18.3175   0.382817     5.7806     0.0270  0.000e+00
     -1.597     -1.585    18.3194   0.395570     5.7764     0.0270  0.000e+00
     -0.981     -0.974    18.3220   0.403247     5.7825     0.0392  0.000e+00
     -0.981     -0.974    18.3241   0.399026     5.7868     0.0270  0.000e+00
     -0.981     -0.974    18.3260   0.401744     5.7876     0.0148  0.000e+00
     -0.981     -0.974    18.3283   0.392363     5.7937    -0.1073  0.000e+00
     -0.981     -0.974    18.3304   0.392874     5.8037    -0.1317  0.000e+00
     -0.981     -0.974    18.3316   0.402705     5.7978    -0.1317  0.000e+00
     -0.981     -0.974    18.3343   0.390711     5.8161    -0.1195  0.000e+00
     -0.981     -0.974    18.3361   0.405532     5.8153    -0.1317  0.000e+00
     -0.981     -0.974    18.3381   0.406074     5.8144    -0.1195  0.000e+00
     -0.981     -0.974    18.3394   0.408568     5.8231    -0.1195  0.000e+00
     -0.981     -0.974    18.3400   0.404599     5.8235    -0.1317  0.000e+00
     -0.981     -0.974    18.3410   0.405256     5.8202     0.1247  0.000e+00
     -1.597     -1.585    18.3421   0.411019     5.8345     0.1369  0.000e+00
     -0.981     -0.974    18.3421   0.403298     5.8314     0.1003  0.000e+00
     -0.981     -0.974    18.3446   0.400563     5.8332     0.1247  0.000e+00
     -0.981     -0.974    18.3456   0.399993     5.8464     0.1247  0.000e+00
     -0.981     -0.974    18.3469   0.410614     5.8425     0.1125  0.000e+00
     -0.981     -0.974    18.3479   0.388122     5.8599     0.1247  0.000e+00
     -0.981     -0.974    18.3486   0.388520     5.8586     0.1003  0.000e+00
     -0.981     -0.974    18.3505   0.372180     5.8583     0.1125  0.000e+00
     -0.981     -0.974    18.3515   0.367425     5.8691    -0.0462  0.000e+00
     -0.981     -0.974    18.3515   0.377616     5.8653    -0.0707  0.000e+00
     -0.981     -0.974    18.3536   0.385350     5.8628    -0.0829  0.000e+00
     -0.981     -0.974    18.3546   0.388016     5.8737    -0.0584  0.000e+00
     -0.981     -0.974    18.3557   0.384427     5.8771    -0.0707  0.000e+00
     -0.981     -0.974    18.3564   0.372392     5.8806    -0.0584  0.000e+00
     -0.981     -0.974    18.3570   0.375353     5.8864    -0.0584  0.000e+00
     -1.597     -1.585    18.3585   0.393870     5.8727    -0.0707  0.000e+00
     -0.981     -0.974    18.3591   0.397478     5.8787     0.0759  0.000e+00
     -0.981     -0.974    18.3592   0.391081     5.8921     0.0759  0.000e+00
     -0.981     -0.974    18.3607   0.409772     5.8840     0.0514  0.000e+00
     -0.981     -0.974    18.3607   0.407964     5.8835     0.0759  0.000e+00
     -0.981     -0.974    18.3613   0.396228     5.8967     0.0637  0.000e+00
     -0.981     -0.974    18.3618   0.386137     5.8951     0.0637  0.000e+00
     -0.981     -0.974    18.3616   0.376876     5.9087     0.0759  0.000e+00
     -0.981     -0.974    18.3626   0.366530     5.9078     0.0637  0.000e+00
     -0.981     -0.974    18.3626   0.356649     5.9084     0.0514  0.000e+00
     -0.981     -0.974    18.3634   0.343567     5.9211     0.2224  0.000e+00
     -0.981     -0.974    18.3637   0.335517     5.9229     0.1980  0.000e+00
     -0.981     -0.974    18.3647   0.322103     5.9197     0.2102  0.000e+00
     -0.981     -0.974    18.3651   0.323522     5.9284     0.2224  0.000e+00
     -0.981     -0.974    18.3655   0.329530     5.9226     0.2102  0.000e+00
     -0.981     -0.974    18.3653   0.334951     5.9248     0.2224  0.000e+00
     -0.981     -0.974    18.3659   0.336877     5.9292     0.2224  0.000e+00
     -0.981     -0.974    18.3665   0.348324     5.9240     0.2102  0.000e+00
     -0.981     -0.974    18.3669   0.311042     5.9312     0.3933  0.000e+00
     -0.981     -0.974    18.3676   0.304391     5.9380     0.3811  0.000e+00
     -0.981     -0.974    18.3674   0.316503     5.9298     0.3811  0.000e+00
     -0.981     -0.974    18.3680   0.326765     5.9345     0.3933  0.000e+00
     -1.597     -1.585    18.3683   0.321444     5.9364     0.3689  0.000e+00
     -0.981     -0.974    18.3689   0.316007     5.9321     0.3811  0.000e+00
     -0.981     -0.974    18.3683   0.308904     5.9382     0.3933  0.000e+00
     -0.981     -0.974    18.3652   0.281821     5.9531     0.3689  0.000e+00
     -0.981     -0.974    18.3634   0.313090     5.9413     0.3689  0.000e+00
     -0.981     -0.974    18.3630   0.332790     5.9469     0.0148  0.000e+00
     -0.981     -0.974    18.3622   0.325221     5.9455     0.0026  0.000e+00
     -1.597     -1.585    18.3618   0.334545     5.9412     0.0148  0.000e+00
     -0.981     -0.974    18.3614   0.344608     5.9490     0.0148  0.000e+00
     -0.981     -0.974    18.3610   0.332440     5.9419     0.0026  0.000e+00
     -0.981     -0.974    18.3607   0.327261     5.9459     0.0148  0.000e+00
     -0.981     -0.974    18.3605   0.322371     5.9515     0.0148  0.000e+00
     -0.981     -0.974    18.3605   0.333518     5.9439     0.0026  0.000e+00
     -1.597     -1.585    18.3605   0.336845     5.9504     0.1003  0.000e+00
     -0.981     -0.974    18.3607   0.326223     5.9539     0.1003  0.000e+00
     -0.981     -0.974    18.3609   0.317962     5.9541     0.0881  0.000e+00
     -0.981     -0.974    18.3609   0.304509     5.9620     0.1003  0.000e+00
     -0.981     -0.974    18.3603   0.296640     5.9642     0.0759  0.000e+00
     -0.981     -0.974    18.3613   0.302706     5.9559     0.0881  0.000e+00
     -1.597     -1.585    18.3618   0.305018     5.9619     0.1125  0.000e+00
     -0.981     -0.974    18.3610   0.285497     5.9633     0.0881  0.000e+00
     -0.981     -0.974    18.3616   0.280971     5.9625     0.0637  0.000e+00
     -0.981     -0.974    18.3616   0.276904     5.9685    -0.1928  0.000e+00
     -0.981     -0.974    18.3616   0.269360     5.9696    -0.2172  0.000e+00
     -0.981     -0.974    18.3616   0.280649     5.9608    -0.1928  0.000e+00
     -0.981     -0.974    18.3609   0.280196     5.9654    -0.1928  0.000e+00
     -0.981     -0.974    18.3615   0.278453     5.9585    -0.2050  0.000e+00
     -0.981     -0.974    18.3606   0.282648     5.9548    -0.1928  0.000e+00
     -0.981     -0.974    18.3595   0.278334     5.9589    -0.2050  0.000e+00
     -0.981     -0.974    18.3597   0.285341     5.9499    -0.2172  0.000e+00
     -1.597     -1.585    18.3593   0.277262     5.9498     0.0881  0.000e+00
     -0.981     -0.974    18.3591   0.276302     5.9586     0.0759  0.000e+00
     -0.981     -0.974    18.3585   0.289439     5.9463     0.0759  0.000e+00
     -0.981     -0.974    18.3580   0.288868     5.9554     0.0881  0.000e+00
     -0.981     -0.974    18.3580   0.286997     5.9570     0.0759  0.000e+00
     -0.981     -0.974    18.3576   0.294845     5.9499     0.0759  0.000e+00
     -0.981     -0.974    18.3570   0.288859     5.9570     0.0881  0.000e+00
     -0.981     -0.974    18.3570   0.284801     5.9583     0.0637  0.000e+00
     -0.981     -0.974    18.3565   0.282378     5.9542     0.0637  0.000e+00
     -0.981     -0.974    18.3563   0.266009     5.9679    -0.3515  0.000e+00
     -0.981     -0.974    18.3555   0.261144     5.9664    -0.3637  0.000e+00
     -0.981     -0.974    18.3546   0.259860     5.9615    -0.3515  0.000e+00
     -0.981     -0.974    18.3538   0.261047     5.9706    -0.3515  0.000e+00
     -0.981     -0.974    18.3532   0.259226     5.9665    -0.3637  0.000e+00
     -1.597     -1.585    18.3526   0.257304     5.9703    -0.3515  0.000e+00
     -0.981     -0.974    18.3513   0.280196     5.9666    -0.3759  0.000e+00
     -1.597     -1.585    18.3505   0.304215     5.9552    -0.3637  0.000e+00
     -1.597     -1.585    18.3499   0.314156     5.9557     0.0759  0.000e+00
     -0.981     -0.974    18.3490   0.323089     5.9603     0.0637  0.000e+00
     -0.981     -0.974    18.3478   0.328722     5.9537     0.0637  0.000e+00
     -0.981     -0.974    18.3473   0.317782     5.9665     0.0759  0.000e+00
     -0.981     -0.974    18.3465   0.314333     5.9648     0.0637  0.000e+00
     -0.981     -0.974    18.3454   0.304892     5.9667     0.0759  0.000e+00
     -0.981     -0.974    18.3448   0.299877     5.9732     0.0637  0.000e+00
     -0.981     -0.974    18.3438   0.303894     5.9688     0.0637  0.000e+00
     -1.597     -1.585    18.3435   0.317763     5.9684     0.0637  0.000e+00
     -0.981     -0.974    18.3423   0.314283     5.9764     0.0759  0.000e+00
     -0.981     -0.974    18.3418   0.308248     5.9691     0.0637  0.000e+00
     -0.981     -0.974    18.3417   0.304206     5.9719     0.0881  0.000e+00
     -0.981     -0.974    18.3414   0.299859     5.9781     0.0759  0.000e+00
     -0.981     -0.974    18.3406   0.292751     5.9747     0.0637  0.000e+00
     -0.981     -0.974    18.3407   0.288021     5.9849     0.0637  0.000e+00
     -0.981     -0.974    18.3404   0.279102     5.9882     0.0637  0.000e+00
     -0.981     -0.974    18.3402   0.271963     5.9842     0.0637  0.000e+00
     -0.981     -0.974    18.3400   0.271993     5.9879     0.0514  0.000e+00
     -0.981     -0.974    18.3390   0.267010     5.9899     0.0270  0.000e+00
     -0.981     -0.974    18.3396   0.261657     5.9851     0.0270  0.000e+00
     -1.597     -1.585    18.3398   0.272436     5.9920     0.0392  0.000e+00
     -0.981     -0.974    18.3394   0.277436     5.9870     0.0270  0.000e+00
     -0.981     -0.974    18.3401   0.289927     5.9831     0.0392  0.000e+00
     -1.597     -1.585    18.3404   0.289869     5.9873     0.0392  0.000e+00
     -0.981     -0.974    18.3406   0.286337     5.9780     0.0270  0.000e+00
     -1.597     -1.585    18.3402   0.290686     5.9795     0.0148  0.000e+00
     -0.981     -0.974    18.3399   0.285313     5.9862    -0.0584  0.000e+00
     -0.981     -0.974    18.3400   0.281436     5.9756    -0.0707  0.000e+00
     -0.981     -0.974    18.3396   0.269561     5.9852    -0.0462  0.000e+00
