tests/test4_preprocessing/c002.cnv
* Sea-Bird SBE25 Data File:
* FileName = C:\Users\CAU\Desktop\DEMERSALES 0920\c002.hex
* Software Version 1.59
* Temperature SN = 4959
* Conductivity SN = 3516
* System UpLoad Time = Sep 17 2020 15:13:37
** Ship: B/O: Miguel Oliver
** Cruise: DEMERSALES 0920
** Station:c002
** Date:17/09/2020
** Time (GMT/local):15:00
** Latitude:41 57.836 N
** Longitude:009 02.936 W
** Depth (m):116
** Operador:Chapela
# nquan = 7
# nvalues = 3962                                  
# units = specified
# name 0 = prSM: Pressure, Strain Gauge [db]
# name 1 = depSM: Depth [salt water, m], lat = 36.00
# name 2 = t090C: Temperature [ITS-90, deg C]
# name 3 = c0S/m: Conductivity [S/m]
# name 4 = sbeox0ML/L: Oxygen, SBE 43 [ml/l]
# name 5 = flECO-AFL: Fluorescence, WET Labs ECO-AFL/FL [mg/m^3]
# name 6 = flag:  0.000e+00
# span 0 =     -1.597,    109.273                 
# span 1 =     -1.585,    108.446                 
# span 2 =    12.7605,    18.9715                 
# span 3 =   0.007633,   4.717558                 
# span 4 =     3.2462,     6.6928                 
# span 5 =    -0.3759,    49.1601                 
# span 6 = 0.0000e+00, 0.0000e+00                 
# interval = seconds: 0.125
# start_time = Sep 17 2020 14:59:04 [Instrument's time stamp, header]
# bad_flag = -9.990e-29
*END*
[from data line 1847]
     50.153     49.781    13.2176   4.192139     4.0175     0.3811  0.000e+00
     50.153     49.781    13.2104   4.191624     4.0150     0.3689  0.000e+00
     50.153     49.781    13.2071   4.191090     4.0157     0.3811  0.000e+00
     50.153     49.781    13.2028   4.190656     4.0242     0.3689  0.000e+00
     50.769     50.392    13.1952   4.190179     4.0153     0.3689  0.000e+00
     50.769     50.392    13.1870   4.189248     4.0198     0.3445  0.000e+00
     50.769     50.392    13.1844   4.188839     4.0193     0.3201  0.000e+00
     50.769     50.392    13.1837   4.188839     4.0087     0.3323  0.000e+00
     51.385     51.003    13.1787   4.188603     4.0133     0.3445  0.000e+00
     51.385     51.003    13.1739   4.188169     4.0093     0.3201  0.000e+00
     51.385     51.003    13.1724   4.188014     4.0082     0.3567  0.000e+00
     51.385     51.003    13.1708   4.187822     4.0132     0.3445  0.000e+00
     52.001     51.614    13.1692   4.187667     4.0065     0.3323  0.000e+00
     52.001     51.614    13.1663   4.187543     4.0029     0.3201  0.000e+00
     52.001     51.614    13.1638   4.187226     4.0140     0.3323  0.000e+00
     52.617     52.226    13.1572   4.186836     3.9977     0.3201  0.000e+00
     52.617     52.226    13.1507   4.186123     4.0348     0.3323  0.000e+00
     53.233     52.837    13.1385   4.185249     4.0553     0.3201  0.000e+00
     53.233     52.837    13.1283   4.184182     4.0476     0.3201  0.000e+00
     53.233     52.837    13.1216   4.183512     4.0631     0.3323  0.000e+00
     53.233     52.837    13.1136   4.182756     4.0639     0.3079  0.000e+00
     53.233     52.837    13.1085   4.182241     4.0525     0.3201  0.000e+00
     53.849     53.448    13.1048   4.181770     4.0666     0.2712  0.000e+00
     53.849     53.448    13.1020   4.181417     4.0556     0.2468  0.000e+00
     53.849     53.448    13.0988   4.181206     4.0522     0.2468  0.000e+00
     53.849     53.448    13.0926   4.180587     4.0556     0.2590  0.000e+00
     54.465     54.060    13.0883   4.180147     4.0544     0.2346  0.000e+00
     54.465     54.060    13.0833   4.179638     4.0481     0.2590  0.000e+00
     55.081     54.671    13.0794   4.179285     4.0520     0.2590  0.000e+00
     55.081     54.671    13.0777   4.179081     4.0441     0.2468  0.000e+00
     55.081     54.671    13.0779   4.178883     4.0476     0.2346  0.000e+00
     54.465     54.060    13.0774   4.178882     4.0418     0.1858  0.000e+00
     55.081     54.671    13.0761   4.178845     4.0241     0.1858  0.000e+00
     55.081     54.671    13.0745   4.178647     4.0253     0.1980  0.000e+00
     55.081     54.671    13.0735   4.178498     4.0404     0.1735  0.000e+00
     55.697     55.282    13.0732   4.178412     4.0484     0.1858  0.000e+00
     55.697     55.282    13.0720   4.178375     4.0561     0.1980  0.000e+00
     55.697     55.282    13.0704   4.178294     4.0515     0.1735  0.000e+00
     55.697     55.282    13.0696   4.178133     4.0543     0.1980  0.000e+00
     55.697     55.282    13.0685   4.177978     4.0583     0.1980  0.000e+00
     56.313     55.893    13.0676   4.177898     4.0533     0.1735  0.000e+00
     55.697     55.282    13.0672   4.177780     4.0511     0.1735  0.000e+00
     55.697     55.282    13.0656   4.177743     4.0509     0.1735  0.000e+00
     55.697     55.282    13.0658   4.177594     4.0411     0.1735  0.000e+00
     56.313     55.893    13.0648   4.177557     4.0519     0.1858  0.000e+00
     55.697     55.282    13.0637   4.177501     4.0484     0.1858  0.000e+00
     56.313     55.893    13.0639   4.177383     4.0427     0.1735  0.000e+00
     56.313     55.893    13.0637   4.177464     4.0434     0.1613  0.000e+00
     55.697     55.282    13.0630   4.177383     4.0476     0.1735  0.000e+00
     56.313     55.893    13.0639   4.177383     4.0411     0.1613  0.000e+00
     56.313     55.893    13.0637   4.177346     4.0378     0.1735  0.000e+00
     56.313     55.893    13.0641   4.177383     4.0327     0.1491  0.000e+00
     56.313     55.893    13.0636   4.177346     4.0285     0.1613  0.000e+00
     56.313     55.893    13.0630   4.177309     4.0382     0.1735  0.000e+00
     56.313     55.893    13.0636   4.177309     4.0383     0.1613  0.000e+00
     56.313     55.893    13.0636   4.177266     4.0403     0.1735  0.000e+00
     56.313     55.893    13.0632   4.177266     4.0426     0.1735  0.000e+00
     56.313     55.893    13.0630   4.177185     4.0389     0.1613  0.000e+00
     56.928     56.505    13.0628   4.177148     4.0392     0.1858  0.000e+00
     56.928     56.505    13.0634   4.177185     4.0395     0.1735  0.000e+00
     56.928     56.505    13.0624   4.177148     4.0275     0.1613  0.000e+00
     56.928     56.505    13.0611   4.177111     4.0322     0.1735  0.000e+00
     56.928     56.505    13.0595   4.176993     4.0279     0.1613  0.000e+00
     56.928     56.505    13.0572   4.176677     4.0165     0.1613  0.000e+00
     56.928     56.505    13.0549   4.176516     4.0176     0.1491  0.000e+00
     56.928     56.505    13.0543   4.176281     4.0175     0.1613  0.000e+00
     56.928     56.505    13.0534   4.176163     4.0023     0.1491  0.000e+00
     56.928     56.505    13.0532   4.176120     4.0080     0.1613  0.000e+00
     57.544     57.116    13.0526   4.176083     4.0018     0.1491  0.000e+00
     57.544     57.116    13.0515   4.176083     3.9931     0.1491  0.000e+00
     57.544     57.116    13.0517   4.175965     3.9967     0.1735  0.000e+00
     57.544     57.116    13.0510   4.175884     3.9884     0.1491  0.000e+00
     57.544     57.116    13.0510   4.175847     3.9834     0.1613  0.000e+00
     57.544     57.116    13.0477   4.175568     3.9933     0.1858  0.000e+00
     57.544     57.116    13.0447   4.175370     3.9912     0.1735  0.000e+00
     57.544     57.116    13.0390   4.174862     3.9844     0.1858  0.000e+00
     58.160     57.727    13.0345   4.173202     4.0009     0.1858  0.000e+00
     58.160     57.727    13.0288   4.173871     3.9947     0.1735  0.000e+00
     58.160     57.727    13.0242   4.173320     3.9933     0.1980  0.000e+00
     58.160     57.727    13.0201   4.172930     4.0047     0.1735  0.000e+00
     58.160     57.727    13.0171   4.172571     3.9973     0.1735  0.000e+00
     58.776     58.338    13.0148   4.172373     4.0139     0.1613  0.000e+00
     58.776     58.338    13.0126   4.172100     4.0157     0.1735  0.000e+00
     59.392     58.950    13.0116   4.171983     4.0073     0.1735  0.000e+00
     59.392     58.950    13.0091   4.171747     4.0142     0.1980  0.000e+00
     59.392     58.950    13.0078   4.171549     4.0166     0.1735  0.000e+00
     59.392     58.950    13.0079   4.171549     4.0082     0.1858  0.000e+00
     60.008     59.561    13.0044   4.171271     4.0192     0.1858  0.000e+00
     60.008     59.561    13.0028   4.171073     4.0105     0.1735  0.000e+00
     59.392     58.950    13.0026   4.170880     4.0121     0.1980  0.000e+00
     60.008     59.561    13.0017   4.170837     4.0094     0.1735  0.000e+00
     60.008     59.561    13.0015   4.170800     4.0041     0.1613  0.000e+00
     60.624     60.172    13.0009   4.170769     3.9951     0.1858  0.000e+00
     60.624     60.172    12.9972   4.170565     3.9997     0.1735  0.000e+00
     60.624     60.172    12.9967   4.170367     3.9887     0.1613  0.000e+00
     61.240     60.783    12.9969   4.170367     3.9889     0.1735  0.000e+00
     61.856     61.395    12.9972   4.170405     3.9942     0.1491  0.000e+00
     61.240     60.783    12.9946   4.170404     3.9834     0.1613  0.000e+00
     61.856     61.395    12.9900   4.169897     3.9908     0.1491  0.000e+00
     61.856     61.395    12.9841   4.169302     3.9940     0.1369  0.000e+00
     61.856     61.395    12.9742   4.168436     3.9855     0.1369  0.000e+00
     62.472     62.006    12.9661   4.167612     3.9963     0.1491  0.000e+00
     61.856     61.395    12.9592   4.166900     4.0050     0.1491  0.000e+00
     62.472     62.006    12.9484   4.165762     3.9989     0.1491  0.000e+00
     63.088     62.617    12.9432   4.165093     4.0030     0.1613  0.000e+00
     63.088     62.617    12.9401   4.164697     3.9993     0.1369  0.000e+00
     63.088     62.617    12.9383   4.164425     4.0061     0.1491  0.000e+00
     63.088     62.617    12.9340   4.164109     4.0185     0.1491  0.000e+00
     63.088     62.617    12.9307   4.163757     4.0129     0.1369  0.000e+00
     63.088     62.617    12.9252   4.163280     4.0130     0.1491  0.000e+00
     63.088     62.617    12.9219   4.162810     4.0245     0.1491  0.000e+00
     63.704     63.228    12.9204   4.162538     4.0163     0.1369  0.000e+00
     63.704     63.228    12.9200   4.162457     4.0210     0.1491  0.000e+00
     63.704     63.228    12.9198   4.162377     4.0239     0.1369  0.000e+00
     63.704     63.228    12.9196   4.162420     4.0189     0.1369  0.000e+00
     64.319     63.840    12.9198   4.162377     4.0241     0.1247  0.000e+00
     63.704     63.228    12.9185   4.162241     4.0205     0.1491  0.000e+00
     63.704     63.228    12.9127   4.162024     4.0130     0.1491  0.000e+00
     64.319     63.840    12.9084   4.161437     4.0222     0.1613  0.000e+00
     64.319     63.840    12.9068   4.161121     4.0208     0.1491  0.000e+00
     64.319     63.840    12.9051   4.160967     4.0150     0.1735  0.000e+00
     64.319     63.840    12.9049   4.160899     4.0127     0.1613  0.000e+00
     64.319     63.840    12.9044   4.160769     3.9993     0.1491  0.000e+00
     64.319     63.840    12.9032   4.160688     3.9947     0.1735  0.000e+00
     64.319     63.840    12.9055   4.160688     3.9888     0.1125  0.000e+00
     64.319     63.840    12.9038   4.160769     3.9795     0.1003  0.000e+00
     64.319     63.840    12.9042   4.160688     3.9793     0.1247  0.000e+00
     64.319     63.840    12.9033   4.160651     3.9749     0.1003  0.000e+00
     64.319     63.840    12.9020   4.160534     3.9671     0.1003  0.000e+00
     64.319     63.840    12.9014   4.160416     3.9751     0.1125  0.000e+00
     64.319     63.840    12.9005   4.160373     3.9771     0.1003  0.000e+00
     64.935     64.451    12.9007   4.160255     3.9739     0.1125  0.000e+00
     64.935     64.451    12.8998   4.160187     3.9763     0.0881  0.000e+00
     64.319     63.840    12.8996   4.160175     3.9729     0.1125  0.000e+00
     64.319     63.840    12.8994   4.160175     3.9727     0.1247  0.000e+00
     64.319     63.840    12.8986   4.160032     3.9816     0.1247  0.000e+00
     64.935     64.451    12.8981   4.160057     3.9820     0.1125  0.000e+00
     64.319     63.840    12.8983   4.160020     3.9797     0.1369  0.000e+00
     64.935     64.451    12.8955   4.159835     3.9827     0.1247  0.000e+00
     64.935     64.451    12.8948   4.159748     3.9783     0.1003  0.000e+00
     64.319     63.840    12.8906   4.159272     3.9782     0.1247  0.000e+00
     64.935     64.451    12.8887   4.159080     3.9826     0.1125  0.000e+00
     64.935     64.451    12.8887   4.159080     3.9675     0.1003  0.000e+00
     64.935     64.451    12.8884   4.159000     3.9701     0.1125  0.000e+00
     64.935     64.451    12.8883   4.158963     3.9685     0.1003  0.000e+00
     64.935     64.451    12.8882   4.159000     3.9514     0.1003  0.000e+00
     64.935     64.451    12.8876   4.158882     3.9538     0.1125  0.000e+00
     64.935     64.451    12.8882   4.158845     3.9491     0.1003  0.000e+00
     65.551     65.062    12.8871   4.158882     3.9383     0.1125  0.000e+00
     65.551     65.062    12.8849   4.158685     3.9358     0.0881  0.000e+00
     65.551     65.062    12.8847   4.158487     3.9331     0.0881  0.000e+00
     65.551     65.062    12.8834   4.158493     3.9222     0.1003  0.000e+00
     65.551     65.062    12.8832   4.158412     3.9167     0.1003  0.000e+00
     66.167     65.673    12.8814   4.158332     3.9057     0.0881  0.000e+00
     66.167     65.673    12.8777   4.157899     3.9023     0.1003  0.000e+00
     66.167     65.673    12.8759   4.157701     3.9057     0.1003  0.000e+00
     66.167     65.673    12.8725   4.157392     3.8964     0.0881  0.000e+00
     66.167     65.673    12.8709   4.157225     3.8960     0.1003  0.000e+00
     66.167     65.673    12.8717   4.157194     3.8944     0.1003  0.000e+00
     66.783     66.284    12.8697   4.156990     3.8846     0.0881  0.000e+00
     67.399     66.896    12.8680   4.156879     3.8953     0.1003  0.000e+00
     67.399     66.896    12.8685   4.156879     3.9008     0.0759  0.000e+00
     67.399     66.896    12.8663   4.156842     3.8941     0.0881  0.000e+00
     67.399     66.896    12.8624   4.156372     3.9029     0.1003  0.000e+00
     68.015     67.507    12.8595   4.156045     3.9040     0.0881  0.000e+00
     68.015     67.507    12.8563   4.155785     3.8973     0.1003  0.000e+00
     68.015     67.507    12.8550   4.155587     3.9041     0.0881  0.000e+00
     68.631     68.118    12.8540   4.155451     3.9046     0.0881  0.000e+00
     69.247     68.729    12.8529   4.155309     3.9025     0.1125  0.000e+00
     68.631     68.118    12.8519   4.155235     3.9083     0.1247  0.000e+00
     69.247     68.729    12.8502   4.155180     3.8997     0.1003  0.000e+00
     68.631     68.118    12.8504   4.155037     3.9035     0.1247  0.000e+00
     69.862     69.340    12.8496   4.155038     3.9078     0.1003  0.000e+00
     69.862     69.340    12.8478   4.154902     3.9000     0.1003  0.000e+00
     69.862     69.340    12.8463   4.154722     3.9103     0.1247  0.000e+00
     69.862     69.340    12.8437   4.154487     3.9034     0.1247  0.000e+00
     69.862     69.340    12.8420   4.154290     3.8965     0.1247  0.000e+00
     70.478     69.951    12.8411   4.154191     3.9025     0.1369  0.000e+00
     70.478     69.951    12.8373   4.153913     3.9014     0.1247  0.000e+00
     70.478     69.951    12.8343   4.153665     3.9018     0.1247  0.000e+00
     71.094     70.563    12.8262   4.152998     3.9106     0.1491  0.000e+00
     71.710     71.174    12.8190   4.152294     3.9055     0.1247  0.000e+00
     71.094     70.563    12.8168   4.151904     3.8946     0.1491  0.000e+00
     71.094     70.563    12.8139   4.151669     3.8987     0.1125  0.000e+00
     71.710     71.174    12.8127   4.151434     3.8844     0.1247  0.000e+00
     71.710     71.174    12.8127   4.151354     3.8801     0.1369  0.000e+00
     71.710     71.174    12.8111   4.151354     3.8692     0.1369  0.000e+00
     71.710     71.174    12.8101   4.151156     3.8639     0.1247  0.000e+00
     71.710     71.174    12.8094   4.151039     3.8569     0.1491  0.000e+00
     71.710     71.174    12.8088   4.151076     3.8602     0.1247  0.000e+00
     71.710     71.174    12.8090   4.151039     3.8487     0.1247  0.000e+00
     72.326     71.785    12.8085   4.151002     3.8496     0.1369  0.000e+00
     72.326     71.785    12.8084   4.150922     3.8491     0.1125  0.000e+00
     72.326     71.785    12.8075   4.150922     3.8390     0.1125  0.000e+00
     72.326     71.785    12.8064   4.150724     3.8395     0.1247  0.000e+00
     72.326     71.785    12.8070   4.150724     3.8355     0.1125  0.000e+00
     72.326     71.785    12.8062   4.150687     3.8323     0.1125  0.000e+00
     72.326     71.785    12.8055   4.150767     3.8365     0.1247  0.000e+00
     72.326     71.785    12.8063   4.150650     3.8204     0.1125  0.000e+00
     72.326     71.785    12.8049   4.150687     3.8177     0.1247  0.000e+00
     72.326     71.785    12.8046   4.150446     3.8290     0.1003  0.000e+00
     72.326     71.785    12.8049   4.150526     3.8210     0.1247  0.000e+00
     72.326     71.785    12.8038   4.150446     3.8076     0.1369  0.000e+00
     72.326     71.785    12.8049   4.150446     3.8134     0.1369  0.000e+00
