tests/test4_preprocessing/c003.cnv
* Sea-Bird SBE25 Data File:
* FileName = C:\Users\CAU\Desktop\DEMERSALES 0920\c003.hex
* Software Version 1.59
* Temperature SN = 4959
* Conductivity SN = 3516
* System UpLoad Time = Sep 18 2020 08:10:00
** Ship: B/O: Miguel Oliver
** Cruise: DEMERSALES 0920
** Station:c003
** Date:18/09/20
** Time (GMT/local):07:56
** Latitude:42 03.604 N
** Longitude:009 09.197 W
** Depth (m):141
** Operador:Chapela
# nquan = 7
# nvalues = 4240                                  
# units = specified
# name 0 = prSM: Pressure, Strain Gauge [db]
# name 1 = depSM: Depth [salt water, m], lat = 36.00
# name 2 = t090C: Temperature [ITS-90, deg C]
# name 3 = c0S/m: Conductivity [S/m]
# name 4 = sbeox0ML/L: Oxygen, SBE 43 [ml/l]
# name 5 = flECO-AFL: Fluorescence, WET Labs ECO-AFL/FL [mg/m^3]
# name 6 = flag:  0.000e+00
# span 0 =     -1.597,    130.205                 
# span 1 =     -1.585,    129.213                 
# span 2 =    12.4296,    20.9468                 
# span 3 =   0.001827,   4.817711                 
# span 4 =     3.0141,     6.9119                 
# span 5 =    -0.4858,    49.1723                 
# span 6 = 0.0000e+00, 0.0000e+00                 
# interval = seconds: 0.125
# start_time = Sep 18 2020 07:56:18 [Instrument's time stamp, header]
# bad_flag = -9.990e-29
*END*
[from data line 1231]
      0.868      0.861    18.4947   4.714895     4.2959     0.4788  0.000e+00
      0.868      0.861    18.4959   4.714979     4.2806     0.4910  0.000e+00
      0.868      0.861    18.4963   4.715044     4.2428     0.4788  0.000e+00
      0.868      0.861    18.4962   4.715070     4.2243     0.5032  0.000e+00
      0.868      0.861    18.4956   4.715070     4.2307     0.4910  0.000e+00
      0.868      0.861    18.4954   4.715070     4.2465     0.4788  0.000e+00
      0.868      0.861    18.4960   4.714979     4.2384     0.4910  0.000e+00
      0.251      0.250    18.4968   4.715090     4.2271     0.4788  0.000e+00
      0.251      0.250    18.4962   4.715109     4.2376     0.4666  0.000e+00
      0.251      0.250    18.4980   4.715109     4.2345     0.5032  0.000e+00
      0.251      0.250    18.4981   4.715174     4.2453     0.4910  0.000e+00
      0.251      0.250    18.4979   4.715200     4.2678     0.4910  0.000e+00
      0.251      0.250    18.4983   4.715200     4.3413     0.5032  0.000e+00
      0.251      0.250    18.4975   4.715246     4.3610     0.4788  0.000e+00
      0.251      0.250    18.4980   4.715285     4.3095     0.4910  0.000e+00
      0.251      0.250    18.4983   4.715305     4.3203     0.5154  0.000e+00
      0.251      0.250    18.4971   4.715246     4.2932     0.4788  0.000e+00
     -0.365     -0.362    18.4986   4.715285     4.3014     0.4788  0.000e+00
     -0.365     -0.362    18.4988   4.715265     4.3445     0.4910  0.000e+00
     -0.365     -0.362    18.4986   4.715246     4.3661     0.4788  0.000e+00
      0.251      0.250    18.4990   4.715266     4.4093     0.5032  0.000e+00
     -0.365     -0.362    18.4983   4.715330     4.4723     0.4910  0.000e+00
     -0.365     -0.362    18.4994   4.715285     4.4582     0.4788  0.000e+00
     -0.365     -0.362    18.4998   4.715304     4.4213     0.4910  0.000e+00
     -0.365     -0.362    18.4983   4.715285     4.4085     0.4788  0.000e+00
     -0.365     -0.362    18.5004   4.715246     4.3867     0.4788  0.000e+00
     -0.365     -0.362    18.4998   4.715304     4.3648     0.4666  0.000e+00
     -0.365     -0.362    18.4998   4.715330     4.3490     0.4422  0.000e+00
     -0.365     -0.362    18.4992   4.715350     4.3329     0.4544  0.000e+00
     -0.365     -0.362    18.4988   4.715330     4.3400     0.4666  0.000e+00
     -0.365     -0.362    18.4994   4.715330     4.3329     0.4544  0.000e+00
     -0.365     -0.362    18.4988   4.715350     4.2409     0.4666  0.000e+00
     -0.365     -0.362    18.4969   4.715376     4.2363     0.4666  0.000e+00
     -0.365     -0.362    18.4983   4.715350     4.2421     0.4544  0.000e+00
      0.251      0.250    18.4979   4.715376     4.2356     0.4177  0.000e+00
     -0.365     -0.362    18.4977   4.715376     4.2275     0.4177  0.000e+00
     -0.365     -0.362    18.4980   4.715350     4.2777     0.4055  0.000e+00
      0.251      0.250    18.4966   4.715246     4.3117     0.4177  0.000e+00
      0.251      0.250    18.4965   4.715331     4.3103     0.4177  0.000e+00
      0.251      0.250    18.4964   4.715285     4.3319     0.4055  0.000e+00
      0.251      0.250    18.4941   4.715200     4.3829     0.4177  0.000e+00
      0.251      0.250    18.4947   4.715174     4.4213     0.4055  0.000e+00
      0.868      0.861    18.4944   4.715070     4.4162     0.3933  0.000e+00
      0.868      0.861    18.4947   4.715070     4.3773     0.4666  0.000e+00
      0.868      0.861    18.4947   4.715005     4.3705     0.4300  0.000e+00
      0.251      0.250    18.4941   4.715070     4.3810     0.4422  0.000e+00
      0.251      0.250    18.4939   4.714979     4.3762     0.4544  0.000e+00
      0.868      0.861    18.4939   4.714960     4.3352     0.4422  0.000e+00
      0.868      0.861    18.4922   4.714979     4.2968     0.4666  0.000e+00
      0.868      0.861    18.4937   4.714940     4.2469     0.4544  0.000e+00
      0.868      0.861    18.4943   4.714895     4.1748     0.4422  0.000e+00
      0.868      0.861    18.4937   4.714979     4.0977     0.5032  0.000e+00
      0.868      0.861    18.4939   4.714914     3.9892     0.5032  0.000e+00
      0.868      0.861    18.4930   4.714895     3.9435     0.4910  0.000e+00
      0.868      0.861    18.4931   4.714940     3.8625     0.5032  0.000e+00
      0.868      0.861    18.4930   4.714829     3.8311     0.4910  0.000e+00
      0.868      0.861    18.4920   4.714810     3.8024     0.4910  0.000e+00
      0.868      0.861    18.4929   4.714810     3.8053     0.5032  0.000e+00
      0.868      0.861    18.4933   4.714784     3.8301     0.4910  0.000e+00
      0.868      0.861    18.4927   4.714849     3.8382     0.4788  0.000e+00
      0.868      0.861    18.4908   4.714849     3.9083     0.5398  0.000e+00
      0.868      0.861    18.4905   4.714745     4.0058     0.5276  0.000e+00
      0.868      0.861    18.4920   4.714673     4.1157     0.5276  0.000e+00
      0.868      0.861    18.4939   4.714673     4.2208     0.5521  0.000e+00
      0.868      0.861    18.4937   4.714745     4.3184     0.5154  0.000e+00
      0.868      0.861    18.4958   4.714810     4.3415     0.5521  0.000e+00
      0.251      0.250    18.4958   4.714979     4.4826     0.5398  0.000e+00
      0.251      0.250    18.4955   4.715005     4.5933     0.5276  0.000e+00
      0.251      0.250    18.4959   4.715025     4.6656     0.4910  0.000e+00
      0.251      0.250    18.4952   4.714979     4.7393     0.4910  0.000e+00
      0.251      0.250    18.4962   4.715070     4.7691     0.4788  0.000e+00
      0.868      0.861    18.4968   4.715070     4.7098     0.4910  0.000e+00
      0.251      0.250    18.4954   4.715090     4.7176     0.4788  0.000e+00
      0.251      0.250    18.4974   4.715109     4.7013     0.4788  0.000e+00
      0.868      0.861    18.4969   4.715070     4.7113     0.4910  0.000e+00
      0.251      0.250    18.4979   4.715090     4.6983     0.4788  0.000e+00
      0.251      0.250    18.4983   4.715200     4.6076     0.4788  0.000e+00
      0.251      0.250    18.4980   4.715155     4.6014     0.4788  0.000e+00
      0.251      0.250    18.4988   4.715174     4.6130     0.4666  0.000e+00
      0.251      0.250    18.4986   4.715246     4.5843     0.4788  0.000e+00
      0.251      0.250    18.4973   4.715266     4.5902     0.4788  0.000e+00
      0.251      0.250    18.4986   4.715285     4.6095     0.4666  0.000e+00
      0.251      0.250    18.4986   4.715285     4.6387     0.4788  0.000e+00
     -0.365     -0.362    18.4992   4.715265     4.6412     0.4788  0.000e+00
     -0.365     -0.362    18.4987   4.715285     4.6497     0.4666  0.000e+00
      0.251      0.250    18.4986   4.715285     4.6730     0.4910  0.000e+00
     -0.365     -0.362    18.4993   4.715304     4.7043     0.4910  0.000e+00
      0.251      0.250    18.4994   4.715331     4.7310     0.4788  0.000e+00
      0.251      0.250    18.4981   4.715266     4.7097     0.4910  0.000e+00
      0.251      0.250    18.4996   4.715331     4.7007     0.4788  0.000e+00
     -0.365     -0.362    18.4997   4.715285     4.6677     0.4788  0.000e+00
     -0.365     -0.362    18.4998   4.715350     4.6437     0.4910  0.000e+00
      0.251      0.250    18.4995   4.715415     4.5980     0.4788  0.000e+00
      0.251      0.250    18.4986   4.715396     4.5835     0.4666  0.000e+00
      0.251      0.250    18.4979   4.715415     4.5452     0.4910  0.000e+00
      0.251      0.250    18.4975   4.715376     4.4880     0.4788  0.000e+00
      0.251      0.250    18.4964   4.715350     4.4609     0.4910  0.000e+00
      0.251      0.250    18.4986   4.715331     4.4395     0.4910  0.000e+00
      0.251      0.250    18.4987   4.715285     4.4027     0.4788  0.000e+00
      0.251      0.250    18.4980   4.715331     4.4322     0.4910  0.000e+00
      0.251      0.250    18.4983   4.715331     4.5156     0.4788  0.000e+00
      0.868      0.861    18.4979   4.715305     4.4983     0.4788  0.000e+00
      0.251      0.250    18.4979   4.715285     4.4633     0.5154  0.000e+00
      0.251      0.250    18.4977   4.715246     4.4900     0.5154  0.000e+00
      0.251      0.250    18.4962   4.715266     4.5339     0.5032  0.000e+00
      0.251      0.250    18.4973   4.715246     4.5287     0.5154  0.000e+00
      0.251      0.250    18.4977   4.715305     4.5225     0.5032  0.000e+00
      0.251      0.250    18.4975   4.715246     4.5473     0.5032  0.000e+00
      0.251      0.250    18.4968   4.715200     4.5737     0.5154  0.000e+00
      0.251      0.250    18.4954   4.715266     4.5358     0.5032  0.000e+00
      0.251      0.250    18.4958   4.715246     4.5498     0.5032  0.000e+00
      0.251      0.250    18.4952   4.715155     4.5521     0.4666  0.000e+00
      0.251      0.250    18.4939   4.715090     4.5489     0.4544  0.000e+00
      0.251      0.250    18.4952   4.715070     4.5513     0.4666  0.000e+00
      0.251      0.250    18.4950   4.715090     4.5368     0.4666  0.000e+00
      0.251      0.250    18.4949   4.715070     4.4743     0.4544  0.000e+00
      0.251      0.250    18.4962   4.715025     4.4660     0.4788  0.000e+00
      0.251      0.250    18.4944   4.715090     4.4587     0.4544  0.000e+00
      0.251      0.250    18.4948   4.715070     4.3931     0.4544  0.000e+00
      0.251      0.250    18.4948   4.715025     4.4224     0.5032  0.000e+00
      0.868      0.861    18.4926   4.715044     4.4481     0.4910  0.000e+00
      0.251      0.250    18.4933   4.715025     4.4967     0.4910  0.000e+00
      0.251      0.250    18.4935   4.714940     4.5329     0.5032  0.000e+00
      0.251      0.250    18.4943   4.714959     4.5244     0.4910  0.000e+00
      0.868      0.861    18.4951   4.714940     4.5434     0.5032  0.000e+00
      0.868      0.861    18.4941   4.714940     4.6123     0.5032  0.000e+00
      0.868      0.861    18.4954   4.714979     4.6132     0.4910  0.000e+00
      0.868      0.861    18.4958   4.714979     4.5562     0.4788  0.000e+00
      0.868      0.861    18.4923   4.715005     4.5827     0.5154  0.000e+00
      0.868      0.861    18.4831   4.715071     4.5821     0.5032  0.000e+00
      0.868      0.861    18.4699   4.714634     4.5789     0.5154  0.000e+00
      0.868      0.861    18.4670   4.713879     4.5227     0.5154  0.000e+00
      0.868      0.861    18.4691   4.713103     4.5084     0.5032  0.000e+00
      0.868      0.861    18.4645   4.712758     4.4869     0.5154  0.000e+00
      0.868      0.861    18.4609   4.712713     4.4408     0.4910  0.000e+00
      0.868      0.861    18.4619   4.712406     4.3802     0.5032  0.000e+00
      0.868      0.861    18.4588   4.712139     4.3188     0.5276  0.000e+00
      0.868      0.861    18.4591   4.712009     4.2929     0.5032  0.000e+00
      0.868      0.861    18.4601   4.711840     4.2460     0.5154  0.000e+00
      0.868      0.861    18.4630   4.711794     4.2386     0.5276  0.000e+00
      0.868      0.861    18.4627   4.711885     4.3082     0.5154  0.000e+00
      0.868      0.861    18.4606   4.711970     4.3145     0.5276  0.000e+00
      0.868      0.861    18.4638   4.711885     4.3238     0.5276  0.000e+00
      0.868      0.861    18.4686   4.711885     4.3690     0.5154  0.000e+00
      0.868      0.861    18.4716   4.712009     4.3680     0.5032  0.000e+00
      0.868      0.861    18.4753   4.712269     4.4368     0.5398  0.000e+00
      0.251      0.250    18.4802   4.712536     4.5285     0.5276  0.000e+00
      0.251      0.250    18.4817   4.712797     4.5960     0.5398  0.000e+00
      0.251      0.250    18.4815   4.713103     4.6359     0.5398  0.000e+00
      0.251      0.250    18.4803   4.713363     4.6450     0.5276  0.000e+00
      0.251      0.250    18.4802   4.713526     4.6607     0.5398  0.000e+00
      0.251      0.250    18.4815   4.713455     4.7375     0.5276  0.000e+00
      0.251      0.250    18.4834   4.713500     4.7488     0.5276  0.000e+00
     -0.365     -0.362    18.4880   4.713500     4.7608     0.5276  0.000e+00
     -0.365     -0.362    18.4918   4.713571     4.7661     0.5154  0.000e+00
     -0.365     -0.362    18.4939   4.713715     4.7935     0.5154  0.000e+00
     -0.365     -0.362    18.4941   4.713891     4.7917     0.5276  0.000e+00
      0.251      0.250    18.4930   4.714093     4.8174     0.5154  0.000e+00
     -0.365     -0.362    18.4948   4.714327     4.8819     0.5276  0.000e+00
     -0.365     -0.362    18.4945   4.714457     4.8806     0.5276  0.000e+00
     -0.365     -0.362    18.4935   4.714542     4.8864     0.5154  0.000e+00
     -0.365     -0.362    18.4948   4.714718     4.8728     0.5032  0.000e+00
      0.251      0.250    18.4948   4.714718     4.9071     0.5032  0.000e+00
      0.251      0.250    18.4937   4.714699     4.8751     0.4910  0.000e+00
     -0.365     -0.362    18.4914   4.714718     4.8931     0.5154  0.000e+00
      0.251      0.250    18.4878   4.714764     4.9088     0.4910  0.000e+00
      0.251      0.250    18.4901   4.714784     4.8908     0.4910  0.000e+00
      0.251      0.250    18.4899   4.714634     4.8979     0.5032  0.000e+00
      0.251      0.250    18.4872   4.714458     4.8536     0.4910  0.000e+00
      0.251      0.250    18.4874   4.714503     4.8005     0.4910  0.000e+00
      0.251      0.250    18.4878   4.714412     4.7178     0.5276  0.000e+00
      0.251      0.250    18.4878   4.714327     4.7009     0.5154  0.000e+00
      0.251      0.250    18.4891   4.714282     4.6986     0.5154  0.000e+00
      0.251      0.250    18.4868   4.714308     4.5794     0.5276  0.000e+00
      0.251      0.250    18.4853   4.714328     4.5225     0.5154  0.000e+00
      0.251      0.250    18.4828   4.714236     4.5324     0.5276  0.000e+00
      0.251      0.250    18.4817   4.714002     4.5682     0.5276  0.000e+00
      0.251      0.250    18.4842   4.713845     4.6113     0.5154  0.000e+00
      0.868      0.861    18.4853   4.713937     4.6769     0.5032  0.000e+00
      0.868      0.861    18.4811   4.714093     4.6903     0.5398  0.000e+00
      0.868      0.861    18.4733   4.713937     4.7400     0.5276  0.000e+00
      0.868      0.861    18.4665   4.713455     4.7209     0.5398  0.000e+00
      0.868      0.861    18.4601   4.712797     4.7063     0.5276  0.000e+00
      0.868      0.861    18.4457   4.712276     4.6230     0.5276  0.000e+00
      0.868      0.861    18.4402   4.711097     4.5435     0.5398  0.000e+00
      1.484      1.473    18.4381   4.710316     4.4091     0.5276  0.000e+00
      1.484      1.473    18.4341   4.709971     4.3077     0.5398  0.000e+00
      1.484      1.473    18.4325   4.709535     4.2055     0.5643  0.000e+00
      1.484      1.473    18.4288   4.709183     4.0600     0.5521  0.000e+00
      2.100      2.085    18.4109   4.708747     3.9426     0.5521  0.000e+00
      1.484      1.473    18.4095   4.707438     3.8310     0.5643  0.000e+00
      2.100      2.085    18.3870   4.706827     3.7589     0.5521  0.000e+00
      2.100      2.085    18.3884   4.704945     3.6947     0.5643  0.000e+00
      2.100      2.085    18.3972   4.705349     3.6245     0.5643  0.000e+00
      2.716      2.696    18.3752   4.705089     3.5868     0.5521  0.000e+00
      2.716      2.696    18.3670   4.703566     3.6005     0.5398  0.000e+00
      2.716      2.696    18.3441   4.702518     3.6333     0.6619  0.000e+00
      2.716      2.696    18.3020   4.699604     3.6925     0.6497  0.000e+00
      3.332      3.308    18.2871   4.696390     3.7470     0.6619  0.000e+00
      3.332      3.308    18.2853   4.695174     3.8034     0.6497  0.000e+00
      3.332      3.308    18.2982   4.695174     3.8640     0.6497  0.000e+00
      3.332      3.308    18.3069   4.696130     3.9190     0.6619  0.000e+00
      3.332      3.308    18.3027   4.696605     3.9781     0.6497  0.000e+00
      3.332      3.308    18.2936   4.695955     4.0185     0.6742  0.000e+00
