tests/test4_preprocessing/c003.cnv
* Sea-Bird SBE25 Data File:
* FileName = C:\Users\CAU\Desktop\DEMERSALES 0920\c003.hex
* Software Version 1.59
* Temperature SN = 4959
* Conductivity SN = 3516
* System UpLoad Time = Sep 18 2020 08:10:00
** Ship: B/O: Miguel Oliver
** Cruise: DEMERSALES 0920
** Station:c003
** Date:18/09/20
** Time (GMT/local):07:56
** Latitude:42 03.604 N
** Longitude:009 09.197 W
** Depth (m):141
** Operador:Chapela
# nquan = 7
# nvalues = 4240                                  
# units = specified
# name 0 = prSM: Pressure, Strain Gauge [db]
# name 1 = depSM: Depth [salt water, m], lat = 36.00
# name 2 = t090C: Temperature [ITS-90, deg C]
# name 3 = c0S/m: Conductivity [S/m]
# name 4 = sbeox0ML/L: Oxygen, SBE 43 [ml/l]
# name 5 = flECO-AFL: Fluorescence, WET Labs ECO-AFL/FL [mg/m^3]
# name 6 = flag:  0.000e+00
# span 0 =     -1.597,    130.205                 
# span 1 =     -1.585,    129.213                 
# span 2 =    12.4296,    20.9468                 
# span 3 =   0.001827,   4.817711                 
# span 4 =     3.0141,     6.9119                 
# span 5 =    -0.4858,    49.1723                 
# span 6 = 0.0000e+00, 0.0000e+00                 
# interval = seconds: 0.125
# start_time = Sep 18 2020 07:56:18 [Instrument's time stamp, header]
# bad_flag = -9.990e-29
*END*
[from data line 3693]
     26.745     26.547    15.4996   4.410447     3.9497     1.1259  0.000e+00
     26.745     26.547    15.5011   4.410611     3.9528     1.1015  0.000e+00
     26.129     25.936    15.5022   4.410814     3.9611     1.1259  0.000e+00
     26.745     26.547    15.5057   4.410890     3.9727     1.1137  0.000e+00
     26.129     25.936    15.5067   4.411188     3.9565     1.1015  0.000e+00
     26.129     25.936    15.5086   4.411314     3.9660     1.1259  0.000e+00
     26.129     25.936    15.5121   4.411435     3.9733     1.1259  0.000e+00
     25.512     25.325    15.5138   4.411682     3.9741     1.1259  0.000e+00
     26.129     25.936    15.5153   4.411891     3.9820     1.1381  0.000e+00
     26.129     25.936    15.5196   4.412094     3.9915     1.1137  0.000e+00
     26.129     25.936    15.5284   4.412677     3.9899     1.1259  0.000e+00
     25.512     25.325    15.5373   4.413665     3.9919     1.1381  0.000e+00
     25.512     25.325    15.5420   4.414489     4.0055     1.1137  0.000e+00
     25.512     25.325    15.5477   4.414863     4.0109     1.1137  0.000e+00
     25.512     25.325    15.5503   4.415110     4.0217     1.1381  0.000e+00
     24.896     24.713    15.5549   4.415440     4.0180     1.1137  0.000e+00
     24.896     24.713    15.5613   4.416023     4.0192     1.1381  0.000e+00
     25.512     25.325    15.5634   4.416473     4.0394     1.1259  0.000e+00
     24.896     24.713    15.5658   4.416727     4.0349     1.1137  0.000e+00
     24.896     24.713    15.5692   4.416930     4.0419     1.1381  0.000e+00
     24.280     24.102    15.5739   4.417386     4.0602     1.1137  0.000e+00
     24.280     24.102    15.5782   4.417754     4.0673     1.1015  0.000e+00
     24.280     24.102    15.5784   4.418007     4.0768     1.2114  0.000e+00
     24.280     24.102    15.5813   4.418045     4.0913     1.1870  0.000e+00
     24.280     24.102    15.5815   4.418337     4.0891     1.1992  0.000e+00
     24.280     24.102    15.5860   4.418629     4.1060     1.2114  0.000e+00
     23.664     23.490    15.5879   4.418984     4.1039     1.1870  0.000e+00
     23.664     23.490    15.5894   4.419193     4.1103     1.2114  0.000e+00
     23.664     23.490    15.5894   4.419231     4.1208     1.2114  0.000e+00
     23.664     23.490    15.5946   4.419453     4.1208     1.1870  0.000e+00
     23.664     23.490    15.5987   4.419954     4.1270     1.1992  0.000e+00
     23.048     22.879    15.6064   4.420486     4.1334     1.1992  0.000e+00
     23.048     22.879    15.6189   4.421444     4.1323     1.1748  0.000e+00
     23.048     22.879    15.6299   4.422598     4.1381     1.1992  0.000e+00
     23.048     22.879    15.6411   4.423099     4.1451     1.1870  0.000e+00
     23.048     22.879    15.6467   4.424508     4.1446     1.1748  0.000e+00
     23.048     22.879    15.6565   4.424838     4.1478     1.1992  0.000e+00
     21.816     21.655    15.6634   4.426151     4.1446     1.1626  0.000e+00
     22.432     22.267    15.6644   4.426494     4.1417     1.1748  0.000e+00
     22.432     22.267    15.6713   4.426855     4.1589     1.1381  0.000e+00
     22.432     22.267    15.6713   4.427116     4.1649     1.1259  0.000e+00
     22.432     22.267    15.6813   4.427718     4.1704     1.1381  0.000e+00
     22.432     22.267    15.6865   4.428404     4.1797     1.1381  0.000e+00
     21.816     21.655    15.6944   4.428956     4.1724     1.1137  0.000e+00
     21.816     21.655    15.7040   4.429940     4.1802     1.1381  0.000e+00
     21.816     21.655    15.7102   4.430600     4.1830     1.1259  0.000e+00
     21.816     21.655    15.7247   4.431724     4.1780     1.1259  0.000e+00
     21.816     21.655    15.7275   4.432549     4.1816     1.1626  0.000e+00
     21.816     21.655    15.7376   4.432924     4.1946     1.1503  0.000e+00
     21.200     21.044    15.7373   4.433501     4.1924     1.1381  0.000e+00
     21.200     21.044    15.7442   4.434035     4.2031     1.1626  0.000e+00
     21.200     21.044    15.7559   4.434619     4.2070     1.1381  0.000e+00
     21.200     21.044    15.7589   4.435565     4.2144     1.1503  0.000e+00
     21.200     21.044    15.7636   4.436334     4.2359     1.1503  0.000e+00
     21.200     21.044    15.7661   4.436963     4.2328     1.1381  0.000e+00
     20.584     20.432    15.7841   4.437553     4.2272     1.1381  0.000e+00
     21.200     21.044    15.7886   4.438544     4.2343     1.1015  0.000e+00
     20.584     20.432    15.7971   4.438874     4.2360     1.0771  0.000e+00
     20.584     20.432    15.8018   4.440075     4.2425     1.1015  0.000e+00
     20.584     20.432    15.8146   4.440329     4.2542     1.0893  0.000e+00
     20.584     20.432    15.8257   4.441772     4.2553     1.0771  0.000e+00
     20.584     20.432    15.8287   4.442808     4.2622     1.0893  0.000e+00
     20.584     20.432    15.8376   4.443246     4.2641     1.0771  0.000e+00
     20.584     20.432    15.8517   4.444301     4.2756     1.0893  0.000e+00
     20.584     20.432    15.8509   4.444549     4.2779     1.2236  0.000e+00
     19.968     19.821    15.8651   4.445585     4.2849     1.1992  0.000e+00
     19.968     19.821    15.8765   4.446538     4.2818     1.2114  0.000e+00
     19.968     19.821    15.8887   4.447823     4.2957     1.2236  0.000e+00
     19.968     19.821    15.8935   4.448777     4.2987     1.1992  0.000e+00
     19.352     19.209    15.9136   4.450233     4.2996     1.2114  0.000e+00
     19.352     19.209    15.9295   4.451517     4.3134     1.2114  0.000e+00
     19.352     19.209    15.9438   4.453095     4.3124     1.1992  0.000e+00
     19.352     19.209    15.9588   4.454596     4.3247     1.1992  0.000e+00
     19.352     19.209    15.9674   4.455589     4.3272     1.2969  0.000e+00
     18.736     18.598    15.9725   4.456295     4.3233     1.2969  0.000e+00
     19.352     19.209    15.9894   4.457421     4.3217     1.3091  0.000e+00
     19.352     19.209    16.0069   4.459083     4.3335     1.2969  0.000e+00
     18.736     18.598    16.0330   4.460750     4.3329     1.2847  0.000e+00
     18.736     18.598    16.0560   4.463335     4.3407     1.3091  0.000e+00
     18.736     18.598    16.0667   4.464710     4.3414     1.2847  0.000e+00
     18.736     18.598    16.0761   4.465876     4.3354     1.2969  0.000e+00
     18.119     17.986    16.0801   4.466959     4.3432     1.4190  0.000e+00
     18.119     17.986    16.0857   4.467379     4.3490     1.4068  0.000e+00
     18.119     17.986    16.1017   4.468252     4.3480     1.4190  0.000e+00
     18.119     17.986    16.1187   4.469462     4.3575     1.4068  0.000e+00
     18.119     17.986    16.1477   4.471635     4.3495     1.3945  0.000e+00
     18.119     17.986    16.1842   4.474891     4.3500     1.4190  0.000e+00
     17.503     17.375    16.2388   4.479118     4.3638     1.4190  0.000e+00
     17.503     17.375    16.2582   4.482422     4.3608     1.4068  0.000e+00
     17.503     17.375    16.3216   4.486862     4.3639     1.3945  0.000e+00
     17.503     17.375    16.3606   4.490934     4.3642     1.3945  0.000e+00
     17.503     17.375    16.4075   4.495672     4.3612     1.3945  0.000e+00
     16.887     16.763    16.4625   4.500150     4.3728     1.4068  0.000e+00
     16.887     16.763    16.4939   4.504336     4.3799     1.3701  0.000e+00
     16.887     16.763    16.5184   4.507270     4.3828     1.3945  0.000e+00
     16.271     16.152    16.5335   4.509284     4.3997     1.4068  0.000e+00
     16.271     16.152    16.5479   4.510844     4.4014     1.3823  0.000e+00
     16.271     16.152    16.5630   4.512238     4.4063     1.4068  0.000e+00
     16.271     16.152    16.5747   4.513947     4.4169     1.4922  0.000e+00
     16.271     16.152    16.5802   4.514407     4.4211     1.4800  0.000e+00
     16.887     16.763    16.5879   4.515374     4.4359     1.4922  0.000e+00
     16.271     16.152    16.5922   4.516429     4.4536     1.4800  0.000e+00
     16.271     16.152    16.6053   4.516845     4.4567     1.4800  0.000e+00
     16.271     16.152    16.6143   4.518278     4.4708     1.4922  0.000e+00
     16.271     16.152    16.6126   4.518912     4.4826     1.4800  0.000e+00
     15.655     15.540    16.6160   4.518995     4.4951     1.4678  0.000e+00
     15.655     15.540    16.6223   4.519539     4.5121     1.4678  0.000e+00
     15.655     15.540    16.6259   4.520006     4.5207     1.4556  0.000e+00
     15.655     15.540    16.6263   4.520256     4.5272     1.4678  0.000e+00
     15.655     15.540    16.6276   4.520467     4.5402     1.4678  0.000e+00
     15.039     14.929    16.6304   4.520762     4.5568     1.4556  0.000e+00
     15.039     14.929    16.6314   4.521056     4.5652     1.4922  0.000e+00
     15.039     14.929    16.6390   4.521306     4.5782     1.4800  0.000e+00
     15.039     14.929    16.6442   4.522023     4.5716     1.4556  0.000e+00
     15.039     14.929    16.6567   4.522656     4.5811     1.4922  0.000e+00
     14.423     14.317    16.6605   4.523540     4.5928     1.4556  0.000e+00
     14.423     14.317    16.6679   4.524174     4.5912     1.4312  0.000e+00
     14.423     14.317    16.6708   4.524635     4.5897     1.4434  0.000e+00
     14.423     14.317    16.6738   4.524846     4.6012     1.4312  0.000e+00
     14.423     14.317    16.6774   4.525141     4.6038     1.4434  0.000e+00
     14.423     14.317    16.6845   4.525647     4.6157     1.4556  0.000e+00
     14.423     14.317    16.6847   4.526069     4.6162     1.4434  0.000e+00
     14.423     14.317    16.6882   4.526281     4.6155     1.4556  0.000e+00
     14.423     14.317    16.6902   4.526575     4.6279     1.4312  0.000e+00
     14.423     14.317    16.6910   4.526915     4.6332     1.5166  0.000e+00
     14.423     14.317    16.6950   4.527164     4.6374     1.5166  0.000e+00
     14.423     14.317    16.6980   4.527491     4.6460     1.5289  0.000e+00
     14.423     14.317    16.6986   4.527754     4.6491     1.5166  0.000e+00
     14.423     14.317    16.7003   4.527882     4.6546     1.5289  0.000e+00
     13.807     13.705    16.7016   4.527965     4.6605     1.5289  0.000e+00
     14.423     14.317    16.7003   4.528036     4.6591     1.5166  0.000e+00
     14.423     14.317    16.7023   4.528048     4.6704     1.5289  0.000e+00
     14.423     14.317    16.7048   4.528433     4.6812     1.4800  0.000e+00
     13.807     13.705    16.7056   4.528644     4.6828     1.4678  0.000e+00
     13.807     13.705    16.7062   4.528791     4.6946     1.4922  0.000e+00
     14.423     14.317    16.7060   4.528811     4.7063     1.4678  0.000e+00
     13.807     13.705    16.7058   4.528811     4.7048     1.4800  0.000e+00
     14.423     14.317    16.7050   4.528856     4.7208     1.4922  0.000e+00
     13.807     13.705    16.7061   4.528894     4.7236     1.4800  0.000e+00
     13.807     13.705    16.7071   4.528894     4.7239     1.4922  0.000e+00
     13.807     13.705    16.7074   4.528977     4.7335     1.4678  0.000e+00
     13.807     13.705    16.7085   4.529041     4.7311     1.5166  0.000e+00
     13.807     13.705    16.7117   4.529233     4.7388     1.5533  0.000e+00
     13.807     13.705    16.7143   4.529528     4.7486     1.5533  0.000e+00
     14.423     14.317    16.7149   4.529714     4.7501     1.5411  0.000e+00
     13.807     13.705    16.7151   4.529778     4.7580     1.5533  0.000e+00
     13.807     13.705    16.7153   4.529951     4.7627     1.5411  0.000e+00
     13.191     13.094    16.7149   4.529951     4.7613     1.5411  0.000e+00
     13.807     13.705    16.7149   4.529906     4.7742     1.5533  0.000e+00
     13.807     13.705    16.7153   4.529906     4.7770     1.5166  0.000e+00
     13.807     13.705    16.7157   4.529989     4.7690     1.5289  0.000e+00
     13.191     13.094    16.7191   4.530034     4.7765     1.5411  0.000e+00
     13.191     13.094    16.7193   4.530303     4.7745     1.5166  0.000e+00
     13.807     13.705    16.7185   4.530374     4.7733     1.5411  0.000e+00
     13.807     13.705    16.7187   4.530412     4.7862     1.5411  0.000e+00
     13.191     13.094    16.7191   4.530374     4.7875     1.5166  0.000e+00
     13.807     13.705    16.7219   4.530585     4.7919     1.5411  0.000e+00
     13.191     13.094    16.7278   4.530931     4.8010     1.5166  0.000e+00
     13.191     13.094    16.7318   4.531386     4.7928     1.5044  0.000e+00
     13.191     13.094    16.7373   4.531854     4.7957     1.5166  0.000e+00
     13.807     13.705    16.7414   4.532354     4.8009     1.5044  0.000e+00
     13.191     13.094    16.7462   4.532821     4.7965     1.5044  0.000e+00
     13.191     13.094    16.7513   4.533372     4.8051     1.5289  0.000e+00
     13.191     13.094    16.7551   4.533667     4.8074     1.5044  0.000e+00
     13.191     13.094    16.7576   4.534167     4.8044     1.5044  0.000e+00
     12.574     12.482    16.7618   4.534513     4.8192     1.5044  0.000e+00
     13.191     13.094    16.7644   4.534847     4.8203     1.4434  0.000e+00
     13.191     13.094    16.7678   4.535141     4.8248     1.4556  0.000e+00
     13.191     13.094    16.7731   4.535596     4.8356     1.4556  0.000e+00
     12.574     12.482    16.7783   4.536141     4.8329     1.4434  0.000e+00
     12.574     12.482    16.7855   4.536750     4.8322     1.4556  0.000e+00
     12.574     12.482    16.7908   4.537385     4.8381     1.4434  0.000e+00
     12.574     12.482    16.7975   4.537936     4.8355     1.4434  0.000e+00
     12.574     12.482    16.8091   4.538782     4.8485     1.4556  0.000e+00
     11.958     11.871    16.8237   4.539840     4.8485     1.4312  0.000e+00
     12.574     12.482    16.8443   4.541655     4.8442     1.4312  0.000e+00
     11.958     11.871    16.8602   4.543477     4.8472     1.4434  0.000e+00
     12.574     12.482    16.8901   4.545177     4.8469     1.4312  0.000e+00
     12.574     12.482    16.9495   4.549033     4.8331     1.4312  0.000e+00
     11.958     11.871    17.0019   4.555144     4.8394     1.4434  0.000e+00
     11.958     11.871    17.0283   4.558838     4.8302     1.4312  0.000e+00
     11.958     11.871    17.0497   4.561440     4.8262     1.4312  0.000e+00
     11.958     11.871    17.0641   4.563444     4.8342     1.4434  0.000e+00
     11.958     11.871    17.0822   4.565058     4.8340     1.3579  0.000e+00
     11.958     11.871    17.0962   4.566941     4.8388     1.3701  0.000e+00
     11.958     11.871    17.0985   4.567944     4.8517     1.3701  0.000e+00
     11.958     11.871    17.1118   4.568664     4.8473     1.3579  0.000e+00
     11.958     11.871    17.1188   4.569937     4.8615     1.3701  0.000e+00
     11.342     11.259    17.1262   4.570535     4.8664     1.3457  0.000e+00
     11.958     11.871    17.1315   4.571506     4.8619     1.3457  0.000e+00
     11.958     11.871    17.1405   4.572188     4.8825     1.3701  0.000e+00
     11.342     11.259    17.1384   4.573037     4.8933     1.3457  0.000e+00
     11.958     11.871    17.1312   4.572060     4.8879     1.2480  0.000e+00
     11.958     11.871    17.1298   4.572143     4.8994     1.2602  0.000e+00
     11.958     11.871    17.1367   4.572021     4.8990     1.2480  0.000e+00
     11.958     11.871    17.1380   4.572741     4.8988     1.2602  0.000e+00
     11.958     11.871    17.1346   4.572658     4.9100     1.2602  0.000e+00
     11.958     11.871    17.1324   4.572400     4.9033     1.2358  0.000e+00
     11.958     11.871    17.1285   4.572272     4.9061     1.2602  0.000e+00
     11.958     11.871    17.1299   4.572105     4.9068     1.2358  0.000e+00
     11.958     11.871    17.1294   4.572233     4.9025     1.2847  0.000e+00
     11.958     11.871    17.1217   4.572060     4.9068     1.3091  0.000e+00
     11.958     11.871    17.1141   4.571256     4.9181     1.2847  0.000e+00
     11.958     11.871    17.1145   4.570863     4.9069     1.2969  0.000e+00
