tests/test4_preprocessing/c003.cnv
* Sea-Bird SBE25 Data File:
* FileName = C:\Users\CAU\Desktop\DEMERSALES 0920\c003.hex
* Software Version 1.59
* Temperature SN = 4959
* Conductivity SN = 3516
* System UpLoad Time = Sep 18 2020 08:10:00
** Ship: B/O: Miguel Oliver
** Cruise: DEMERSALES 0920
** Station:c003
** Date:18/09/20
** Time (GMT/local):07:56
** Latitude:42 03.604 N
** Longitude:009 09.197 W
** Depth (m):141
** Operador:Chapela
# nquan = 7
# nvalues = 4240                                  
# units = specified
# name 0 = prSM: Pressure, Strain Gauge [db]
# name 1 = depSM: Depth [salt water, m], lat = 36.00
# name 2 = t090C: Temperature [ITS-90, deg C]
# name 3 = c0S/m: Conductivity [S/m]
# name 4 = sbeox0ML/L: Oxygen, SBE 43 [ml/l]
# name 5 = flECO-AFL: Fluorescence, WET Labs ECO-AFL/FL [mg/m^3]
# name 6 = flag:  0.000e+00
# span 0 =     -1.597,    130.205                 
# span 1 =     -1.585,    129.213                 
# span 2 =    12.4296,    20.9468                 
# span 3 =   0.001827,   4.817711                 
# span 4 =     3.0141,     6.9119                 
# span 5 =    -0.4858,    49.1723                 
# span 6 = 0.0000e+00, 0.0000e+00                 
# interval = seconds: 0.125
# start_time = Sep 18 2020 07:56:18 [Instrument's time stamp, header]
# bad_flag = -9.990e-29
*END*
[from data line 2257]
     89.569     88.895    12.7692   4.146714     3.3304     0.0392  0.000e+00
     90.185     89.506    12.7657   4.146307     3.3343     0.0637  0.000e+00
     90.185     89.506    12.7636   4.145998     3.3348     0.0392  0.000e+00
     90.185     89.506    12.7616   4.145850     3.3195     0.0514  0.000e+00
     90.801     90.117    12.7616   4.145763     3.3221     0.0759  0.000e+00
     90.801     90.117    12.7609   4.145689     3.3269     0.0514  0.000e+00
     90.801     90.117    12.7598   4.145566     3.3159     0.0514  0.000e+00
     90.801     90.117    12.7587   4.145454     3.3272     0.0637  0.000e+00
     90.801     90.117    12.7566   4.145331     3.3261     0.0514  0.000e+00
     90.801     90.117    12.7565   4.145220     3.3211     0.0637  0.000e+00
     91.416     90.728    12.7557   4.145177     3.3287     0.0637  0.000e+00
     90.801     90.117    12.7533   4.145022     3.3251     0.0514  0.000e+00
     91.416     90.728    12.7496   4.144707     3.3198     0.0637  0.000e+00
     91.416     90.728    12.7461   4.144318     3.3250     0.0637  0.000e+00
     91.416     90.728    12.7437   4.144040     3.3208     0.0514  0.000e+00
     91.416     90.728    12.7424   4.143806     3.3207     0.0759  0.000e+00
     92.032     91.339    12.7413   4.143726     3.3282     0.0637  0.000e+00
     92.032     91.339    12.7404   4.143651     3.3195     0.0514  0.000e+00
     92.032     91.339    12.7379   4.143454     3.3252     0.0759  0.000e+00
     92.032     91.339    12.7348   4.143219     3.3281     0.0514  0.000e+00
     92.032     91.339    12.7330   4.142898     3.3170     0.0270  0.000e+00
     92.648     91.950    12.7302   4.142707     3.3251     0.0514  0.000e+00
     92.032     91.339    12.7259   4.142361     3.3279     0.0270  0.000e+00
     92.032     91.339    12.7220   4.141928     3.3183     0.0270  0.000e+00
     92.648     91.950    12.7213   4.141645     3.3245     0.0392  0.000e+00
     92.648     91.950    12.7200   4.141527     3.3212     0.0148  0.000e+00
     92.648     91.950    12.7197   4.141503     3.3203     0.0514  0.000e+00
     92.648     91.950    12.7197   4.141540     3.3265     0.0392  0.000e+00
     93.264     92.561    12.7200   4.141447     3.3186     0.0270  0.000e+00
     93.264     92.561    12.7189   4.141447     3.3213     0.0759  0.000e+00
     93.264     92.561    12.7185   4.141213     3.3276     0.0759  0.000e+00
     93.264     92.561    12.7183   4.141188     3.3193     0.0637  0.000e+00
     93.264     92.561    12.7182   4.141268     3.3233     0.0759  0.000e+00
     93.264     92.561    12.7183   4.141169     3.3258     0.0637  0.000e+00
     93.879     93.172    12.7176   4.141133     3.3161     0.0514  0.000e+00
     93.264     92.561    12.7169   4.141095     3.3248     0.0759  0.000e+00
     93.264     92.561    12.7180   4.141151     3.3271     0.0759  0.000e+00
     93.264     92.561    12.7162   4.141108     3.3169     0.0270  0.000e+00
     93.879     93.172    12.7139   4.140898     3.3273     0.0392  0.000e+00
     93.879     93.172    12.7115   4.140663     3.3261     0.0270  0.000e+00
     93.879     93.172    12.7065   4.140305     3.3208     0.0270  0.000e+00
     94.495     93.783    12.7016   4.139756     3.3261     0.0392  0.000e+00
     93.879     93.172    12.6989   4.139404     3.3212     0.0270  0.000e+00
     94.495     93.783    12.6921   4.139015     3.3159     0.0514  0.000e+00
     94.495     93.783    12.6853   4.138386     3.3258     0.0392  0.000e+00
     94.495     93.783    12.6696   4.137052     3.3168     0.0270  0.000e+00
     94.495     93.783    12.6585   4.135756     3.3163     0.0759  0.000e+00
     94.495     93.783    12.6524   4.134892     3.3227     0.0637  0.000e+00
     95.111     94.394    12.6483   4.134399     3.3130     0.0392  0.000e+00
     95.111     94.394    12.6441   4.133837     3.3172     0.0637  0.000e+00
     95.111     94.394    12.6437   4.133739     3.3182     0.0514  0.000e+00
     95.111     94.394    12.6419   4.133677     3.3115     0.0514  0.000e+00
     95.111     94.394    12.6412   4.133480     3.3218     0.0759  0.000e+00
     95.727     95.005    12.6381   4.133227     3.3211     0.0514  0.000e+00
     95.727     95.005    12.6369   4.133048     3.3107     0.0270  0.000e+00
     95.727     95.005    12.6362   4.132918     3.3260     0.0392  0.000e+00
     95.727     95.005    12.6351   4.132894     3.3246     0.0270  0.000e+00
     96.343     95.616    12.6349   4.132764     3.3257     0.0392  0.000e+00
     96.343     95.616    12.6336   4.132660     3.3283     0.0392  0.000e+00
     96.343     95.616    12.6312   4.132530     3.3249     0.0270  0.000e+00
     96.958     96.227    12.6307   4.132425     3.3188     0.0392  0.000e+00
     96.343     95.616    12.6292   4.132333     3.3292     0.0392  0.000e+00
     96.958     96.227    12.6290   4.132191     3.3154     0.0270  0.000e+00
     96.958     96.227    12.6282   4.132179     3.3173     0.0514  0.000e+00
     96.958     96.227    12.6275   4.132074     3.3226     0.0392  0.000e+00
     96.958     96.227    12.6277   4.132061     3.3116     0.0270  0.000e+00
     96.958     96.227    12.6272   4.132031     3.3146     0.0392  0.000e+00
     97.574     96.838    12.6262   4.132025     3.3147     0.0270  0.000e+00
     97.574     96.838    12.6272   4.131994     3.3082     0.0270  0.000e+00
     97.574     96.838    12.6270   4.131981     3.3189     0.0392  0.000e+00
     97.574     96.838    12.6275   4.132031     3.3163     0.0148  0.000e+00
     98.190     97.449    12.6264   4.131945     3.3047     0.0148  0.000e+00
     97.574     96.838    12.6255   4.131914     3.3148     0.0270  0.000e+00
     97.574     96.838    12.6261   4.131877     3.3120     0.0148  0.000e+00
     97.574     96.838    12.6259   4.131840     3.3134     0.0270  0.000e+00
     98.190     97.449    12.6247   4.131914     3.3155     0.0270  0.000e+00
     97.574     96.838    12.6255   4.131796     3.3061     0.0148  0.000e+00
     98.190     97.449    12.6253   4.131840     3.3081     0.0270  0.000e+00
     98.190     97.449    12.6249   4.131790     3.3152     0.0148  0.000e+00
     98.190     97.449    12.6240   4.131797     3.3093     0.0148  0.000e+00
     98.190     97.449    12.6235   4.131747     3.3088     0.0392  0.000e+00
     98.190     97.449    12.6233   4.131723     3.3202     0.0392  0.000e+00
     98.190     97.449    12.6231   4.131673     3.3116     0.0270  0.000e+00
     98.190     97.449    12.6224   4.131723     3.3168     0.0514  0.000e+00
     98.190     97.449    12.6233   4.131679     3.3186     0.0270  0.000e+00
     98.806     98.060    12.6233   4.131760     3.3093     0.0270  0.000e+00
     98.806     98.060    12.6235   4.131723     3.3154     0.0392  0.000e+00
     98.806     98.060    12.6231   4.131710     3.3169     0.0270  0.000e+00
     98.806     98.060    12.6229   4.131723     3.3105     0.0148  0.000e+00
     99.421     98.671    12.6237   4.131711     3.3211     0.0270  0.000e+00
     98.806     98.060    12.6231   4.131723     3.3131     0.0148  0.000e+00
     99.421     98.671    12.6220   4.131711     3.3079     0.0270  0.000e+00
     99.421     98.671    12.6229   4.131680     3.3162     0.0270  0.000e+00
     99.421     98.671    12.6229   4.131680     3.3096     0.0026  0.000e+00
    100.037     99.282    12.6227   4.131723     3.3084     0.0270  0.000e+00
    100.037     99.282    12.6227   4.131680     3.3088     0.0148  0.000e+00
    100.037     99.282    12.6222   4.131674     3.3030     0.0148  0.000e+00
    100.037     99.282    12.6224   4.131680     3.3009     0.0514  0.000e+00
    100.037     99.282    12.6222   4.131711     3.3075     0.0392  0.000e+00
    100.037     99.282    12.6212   4.131680     3.3030     0.0392  0.000e+00
    100.653     99.893    12.6224   4.131674     3.3140     0.0637  0.000e+00
    100.037     99.282    12.6222   4.131723     3.3129     0.0270  0.000e+00
    100.653     99.893    12.6220   4.131680     3.3029     0.0392  0.000e+00
    100.653     99.893    12.6218   4.131680     3.3115     0.0514  0.000e+00
    100.653     99.893    12.6218   4.131643     3.3035     0.0392  0.000e+00
    100.653     99.893    12.6220   4.131711     3.3012     0.0392  0.000e+00
    101.269    100.504    12.6220   4.131681     3.3129     0.0514  0.000e+00
    101.269    100.504    12.6210   4.131711     3.3045     0.0392  0.000e+00
    101.269    100.504    12.6214   4.131681     3.3017     0.0514  0.000e+00
    101.269    100.504    12.6210   4.131674     3.3074     0.0514  0.000e+00
    101.269    100.504    12.6209   4.131644     3.3034     0.0392  0.000e+00
    101.884    101.115    12.6209   4.131644     3.3085     0.0514  0.000e+00
    101.884    101.115    12.6198   4.131601     3.3100     0.0392  0.000e+00
    101.884    101.115    12.6201   4.131527     3.3001     0.0392  0.000e+00
    101.884    101.115    12.6196   4.131514     3.3025     0.0637  0.000e+00
    101.884    101.115    12.6185   4.131527     3.3082     0.0270  0.000e+00
    102.500    101.726    12.6185   4.131478     3.2994     0.0392  0.000e+00
    102.500    101.726    12.6179   4.131447     3.3058     0.0514  0.000e+00
    101.884    101.115    12.6177   4.131329     3.3074     0.0392  0.000e+00
    102.500    101.726    12.6168   4.131367     3.3017     0.0514  0.000e+00
    102.500    101.726    12.6157   4.131293     3.3076     0.0514  0.000e+00
    103.116    102.337    12.6161   4.131243     3.2974     0.0392  0.000e+00
    103.116    102.337    12.6156   4.131213     3.2943     0.0514  0.000e+00
    103.116    102.337    12.6144   4.131250     3.3048     0.0514  0.000e+00
    103.116    102.337    12.6142   4.131132     3.3005     0.0392  0.000e+00
    103.116    102.337    12.6135   4.131058     3.2948     0.0514  0.000e+00
    103.731    102.948    12.6137   4.131052     3.2999     0.0514  0.000e+00
    103.731    102.948    12.6133   4.131015     3.2949     0.0392  0.000e+00
    103.731    102.948    12.6124   4.130978     3.3005     0.0514  0.000e+00
    103.731    102.948    12.6130   4.130978     3.3029     0.0270  0.000e+00
    103.731    102.948    12.6121   4.130941     3.2925     0.0392  0.000e+00
    103.731    102.948    12.6109   4.130855     3.3010     0.0881  0.000e+00
    104.347    103.559    12.6121   4.130861     3.2996     0.0514  0.000e+00
    104.347    103.559    12.6109   4.130861     3.2987     0.0637  0.000e+00
    104.347    103.559    12.6104   4.130818     3.3046     0.0759  0.000e+00
    104.347    103.559    12.6091   4.130744     3.3073     0.0514  0.000e+00
    104.347    103.559    12.6082   4.130627     3.3035     0.0759  0.000e+00
    104.347    103.559    12.6078   4.130547     3.3100     0.0759  0.000e+00
    104.347    103.559    12.6065   4.130430     3.3000     0.0637  0.000e+00
    104.347    103.559    12.6054   4.130350     3.2971     0.0881  0.000e+00
    104.347    103.559    12.6056   4.130350     3.3026     0.0759  0.000e+00
    104.963    104.169    12.6049   4.130196     3.2987     0.0637  0.000e+00
    104.347    103.559    12.6041   4.130158     3.3014     0.0881  0.000e+00
    104.963    104.169    12.6030   4.130078     3.3078     0.0637  0.000e+00
    104.963    104.169    12.6019   4.130041     3.2940     0.0637  0.000e+00
    105.579    104.780    12.6019   4.129961     3.3076     0.0759  0.000e+00
    104.963    104.169    12.6003   4.129881     3.3105     0.0637  0.000e+00
    104.963    104.169    12.5991   4.129684     3.3052     0.0759  0.000e+00
    104.963    104.169    12.5995   4.129727     3.3115     0.0759  0.000e+00
    105.579    104.780    12.5995   4.129647     3.3079     0.0514  0.000e+00
    105.579    104.780    12.5991   4.129684     3.3026     0.0514  0.000e+00
    105.579    104.780    12.5986   4.129610     3.3076     0.0637  0.000e+00
    105.579    104.780    12.5979   4.129610     3.2994     0.0514  0.000e+00
    105.579    104.780    12.5988   4.129573     3.3019     0.0759  0.000e+00
    105.579    104.780    12.5985   4.129567     3.3078     0.0637  0.000e+00
    106.194    105.391    12.5979   4.129647     3.2974     0.0514  0.000e+00
    105.579    104.780    12.5975   4.129573     3.2937     0.0514  0.000e+00
    106.194    105.391    12.5969   4.129450     3.3022     0.0392  0.000e+00
    106.810    106.002    12.5968   4.129450     3.2922     0.0270  0.000e+00
    106.810    106.002    12.5965   4.129450     3.2957     0.0514  0.000e+00
    106.810    106.002    12.5947   4.129419     3.3026     0.0270  0.000e+00
    106.810    106.002    12.5938   4.129216     3.2913     0.0270  0.000e+00
    106.810    106.002    12.5929   4.129098     3.3018     0.0392  0.000e+00
    107.426    106.613    12.5921   4.129062     3.3009     0.0270  0.000e+00
    106.810    106.002    12.5925   4.129024     3.3016     0.0392  0.000e+00
    106.810    106.002    12.5923   4.129018     3.3093     0.0392  0.000e+00
    107.426    106.613    12.5925   4.129062     3.3074     0.0270  0.000e+00
    107.426    106.613    12.5921   4.129019     3.3023     0.0270  0.000e+00
    107.426    106.613    12.5920   4.129025     3.3074     0.0392  0.000e+00
    107.426    106.613    12.5923   4.129025     3.3010     0.0148  0.000e+00
    108.041    107.224    12.5919   4.129019     3.2950     0.0514  0.000e+00
    107.426    106.613    12.5910   4.129019     3.3040     0.0392  0.000e+00
    108.041    107.224    12.5921   4.129019     3.2983     0.0270  0.000e+00
    108.041    107.224    12.5919   4.128988     3.2909     0.0514  0.000e+00
    108.041    107.224    12.5923   4.129019     3.2955     0.0392  0.000e+00
    108.041    107.224    12.5918   4.128982     3.2887     0.0270  0.000e+00
    108.657    107.835    12.5890   4.128902     3.2926     0.0392  0.000e+00
    108.657    107.835    12.5875   4.128680     3.2946     0.0148  0.000e+00
    108.657    107.835    12.5851   4.128520     3.2887     0.0270  0.000e+00
    108.657    107.835    12.5822   4.128279     3.2997     0.0392  0.000e+00
    108.657    107.835    12.5824   4.128082     3.2972     0.0270  0.000e+00
    109.273    108.446    12.5814   4.128045     3.2937     0.0514  0.000e+00
    109.273    108.446    12.5818   4.128002     3.3003     0.0637  0.000e+00
    109.273    108.446    12.5807   4.127977     3.3022     0.0514  0.000e+00
    109.273    108.446    12.5800   4.127897     3.2977     0.0759  0.000e+00
    109.273    108.446    12.5807   4.127848     3.3034     0.0759  0.000e+00
    109.273    108.446    12.5798   4.127885     3.2943     0.0514  0.000e+00
    109.889    109.057    12.5776   4.127768     3.2961     0.0637  0.000e+00
    109.889    109.057    12.5776   4.127694     3.3024     0.0637  0.000e+00
    109.889    109.057    12.5770   4.127614     3.2988     0.0514  0.000e+00
    109.889    109.057    12.5769   4.127577     3.2921     0.0637  0.000e+00
    110.504    109.667    12.5758   4.127509     3.3011     0.0637  0.000e+00
    110.504    109.667    12.5743   4.127435     3.2913     0.0514  0.000e+00
    110.504    109.667    12.5730   4.127299     3.2952     0.0759  0.000e+00
    110.504    109.667    12.5721   4.127108     3.2958     0.0514  0.000e+00
    110.504    109.667    12.5702   4.127065     3.2901     0.0514  0.000e+00
    110.504    109.667    12.5719   4.127108     3.2960     0.0637  0.000e+00
    110.504    109.667    12.5721   4.127182     3.2973     0.0514  0.000e+00
    111.120    110.278    12.5721   4.127145     3.2924     0.0637  0.000e+00
    111.120    110.278    12.5719   4.127065     3.2976     0.0270  0.000e+00
    111.120    110.278    12.5704   4.127108     3.2996     0.0148  0.000e+00
    111.120    110.278    12.5711   4.126985     3.2949     0.0270  0.000e+00
    111.120    110.278    12.5715   4.127047     3.3006     0.0270  0.000e+00
    111.120    110.278    12.5701   4.127047     3.2898     0.0148  0.000e+00
