tests/test4_preprocessing/c003.cnv
* Sea-Bird SBE25 Data File:
* FileName = C:\Users\CAU\Desktop\DEMERSALES 0920\c003.hex
* Software Version 1.59
* Temperature SN = 4959
* Conductivity SN = 3516
* System UpLoad Time = Sep 18 2020 08:10:00
** Ship: B/O: Miguel Oliver
** Cruise: DEMERSALES 0920
** Station:c003
** Date:18/09/20
** Time (GMT/local):07:56
** Latitude:42 03.604 N
** Longitude:009 09.197 W
** Depth (m):141
** Operador:Chapela
# nquan = 7
# nvalues = 4240                                  
# units = specified
# name 0 = prSM: Pressure, Strain Gauge [db]
# name 1 = depSM: Depth [salt water, m], lat = 36.00
# name 2 = t090C: Temperature [ITS-90, deg C]
# name 3 = c0S/m: Conductivity [S/m]
# name 4 = sbeox0ML/L: Oxygen, SBE 43 [ml/l]
# name 5 = flECO-AFL: Fluorescence, WET Labs ECO-AFL/FL [mg/m^3]
# name 6 = flag:  0.000e+00
# span 0 =     -1.597,    130.205                 
# span 1 =     -1.585,    129.213                 
# span 2 =    12.4296,    20.9468                 
# span 3 =   0.001827,   4.817711                 
# span 4 =     3.0141,     6.9119                 
# span 5 =    -0.4858,    49.1723                 
# span 6 = 0.0000e+00, 0.0000e+00                 
# interval = seconds: 0.125
# start_time = Sep 18 2020 07:56:18 [Instrument's time stamp, header]
# bad_flag = -9.990e-29
*END*
     -1.597     -1.585    20.7911   0.004439     6.3425    -0.3149  0.000e+00
     -1.597     -1.585    20.7847   0.004439     6.3433    -0.2904  0.000e+00
     -1.597     -1.585    20.7737   0.004493     6.3493    -0.3026  0.000e+00
     -1.597     -1.585    20.7639   0.004576     6.3469    -0.3149  0.000e+00
     -1.597     -1.585    20.7515   0.004485     6.3531    -0.3026  0.000e+00
     -1.597     -1.585    20.7440   0.004441     6.3548    -0.3149  0.000e+00
     -1.597     -1.585    20.7372   0.004531     6.3472    -0.3271  0.000e+00
     -1.597     -1.585    20.7333   0.004704     6.3510    -0.2538  0.000e+00
     -1.597     -1.585    20.7306   0.004850     6.3511    -0.2782  0.000e+00
     -1.597     -1.585    20.7368   0.004817     6.3454    -0.2660  0.000e+00
     -1.597     -1.585    20.7414   0.004709     6.3483    -0.2660  0.000e+00
     -1.597     -1.585    20.7466   0.004755     6.3429    -0.2782  0.000e+00
     -1.597     -1.585    20.7525   0.004720     6.3411    -0.2538  0.000e+00
     -1.597     -1.585    20.7549   0.004690     6.3490    -0.2538  0.000e+00
     -1.597     -1.585    20.7610   0.004622     6.3401    -0.2660  0.000e+00
     -1.597     -1.585    20.7697   0.004476     6.3380     0.2224  0.000e+00
     -1.597     -1.585    20.7687   0.004365     6.3420     0.2224  0.000e+00
     -1.597     -1.585    20.7744   0.004255     6.3370     0.2102  0.000e+00
     -1.597     -1.585    20.7798   0.004152     6.3356     0.2224  0.000e+00
     -1.597     -1.585    20.7895   0.004063     6.3396     0.2102  0.000e+00
     -1.597     -1.585    20.7998   0.003984     6.3297     0.2102  0.000e+00
     -1.597     -1.585    20.8111   0.003865     6.3328     0.2102  0.000e+00
     -1.597     -1.585    20.8217   0.003798     6.3327     0.1980  0.000e+00
     -1.597     -1.585    20.8323   0.003692     6.3260     0.1980  0.000e+00
     -1.597     -1.585    20.8342   0.003592     6.3252    -0.4614  0.000e+00
     -1.597     -1.585    20.8346   0.003533     6.3249    -0.4858  0.000e+00
     -1.597     -1.585    20.8375   0.003457     6.3189    -0.4736  0.000e+00
     -1.597     -1.585    20.8454   0.003373     6.3216    -0.4614  0.000e+00
     -1.597     -1.585    20.8575   0.003297     6.3194    -0.4858  0.000e+00
     -1.597     -1.585    20.8744   0.003246     6.3121    -0.4614  0.000e+00
     -1.597     -1.585    20.8916   0.003200     6.3154    -0.4736  0.000e+00
     -1.597     -1.585    20.9089   0.003127     6.3042    -0.4858  0.000e+00
     -1.597     -1.585    20.9203   0.003078     6.3012     0.1369  0.000e+00
     -1.597     -1.585    20.9301   0.003032     6.3045     0.1491  0.000e+00
     -1.597     -1.585    20.9357   0.002981     6.2994     0.1247  0.000e+00
     -1.597     -1.585    20.9416   0.002927     6.2983     0.1491  0.000e+00
     -1.597     -1.585    20.9430   0.002905     6.3038     0.1369  0.000e+00
     -1.597     -1.585    20.9412   0.002868     6.2952     0.1247  0.000e+00
     -1.597     -1.585    20.9048   0.002822     6.3088     0.1491  0.000e+00
     -1.597     -1.585    20.8511   0.002792     6.3179     0.1247  0.000e+00
     -1.597     -1.585    20.7895   0.002754     6.3226     0.1247  0.000e+00
     -1.597     -1.585    20.7356   0.002716     6.3347     0.4055  0.000e+00
     -1.597     -1.585    20.6984   0.002703     6.3412     0.3933  0.000e+00
     -1.597     -1.585    20.6974   0.002670     6.3373     0.4177  0.000e+00
     -1.597     -1.585    20.6953   0.002649     6.3429     0.4177  0.000e+00
     -1.597     -1.585    20.6825   0.002627     6.3420     0.4055  0.000e+00
     -0.981     -0.974    20.6640   0.002611     6.3403     0.4177  0.000e+00
     -1.597     -1.585    20.6763   0.002595     6.3432     0.4177  0.000e+00
     -1.597     -1.585    20.6912   0.002589     6.3406     0.4055  0.000e+00
     -1.597     -1.585    20.7026   0.002581     6.3384     0.1003  0.000e+00
     -1.597     -1.585    20.7131   0.002565     6.3375     0.1003  0.000e+00
     -1.597     -1.585    20.7217   0.002568     6.3313     0.0881  0.000e+00
     -1.597     -1.585    20.7323   0.002573     6.3285     0.1003  0.000e+00
     -1.597     -1.585    20.7340   0.002568     6.3327     0.0881  0.000e+00
     -1.597     -1.585    20.7302   0.002551     6.3273     0.0881  0.000e+00
     -1.597     -1.585    20.7373   0.002554     6.3310     0.1125  0.000e+00
     -1.597     -1.585    20.7499   0.002573     6.3259     0.0881  0.000e+00
     -1.597     -1.585    20.7682   0.002581     6.3227     0.0881  0.000e+00
     -1.597     -1.585    20.7874   0.002565     6.3253     0.0392  0.000e+00
     -0.981     -0.974    20.8037   0.002565     6.3252     0.0270  0.000e+00
     -1.597     -1.585    20.8179   0.002573     6.3189     0.0270  0.000e+00
     -1.597     -1.585    20.8301   0.002551     6.3182     0.0392  0.000e+00
     -1.597     -1.585    20.8389   0.002551     6.3125     0.0270  0.000e+00
     -1.597     -1.585    20.8544   0.002557     6.3086     0.0392  0.000e+00
     -1.597     -1.585    20.8694   0.002557     6.3151     0.0270  0.000e+00
     -1.597     -1.585    20.8834   0.002543     6.3010     0.0148  0.000e+00
     -1.597     -1.585    20.8956   0.002546     6.3026     0.1003  0.000e+00
     -1.597     -1.585    20.9050   0.002551     6.3059     0.0881  0.000e+00
     -1.597     -1.585    20.9128   0.002546     6.2958     0.0759  0.000e+00
     -1.597     -1.585    20.9222   0.002527     6.2974     0.0881  0.000e+00
     -1.597     -1.585    20.9313   0.002522     6.3058     0.0881  0.000e+00
     -1.597     -1.585    20.9383   0.002527     6.2972     0.0759  0.000e+00
     -1.597     -1.585    20.9420   0.002514     6.3109     0.1125  0.000e+00
     -1.597     -1.585    20.9417   0.002497     6.3088     0.0759  0.000e+00
     -1.597     -1.585    20.9437   0.002497     6.3053     0.0881  0.000e+00
     -0.981     -0.974    20.9462   0.002489     6.3159     0.4177  0.000e+00
     -0.981     -0.974    20.9468   0.002484     6.3146     0.4055  0.000e+00
     -1.597     -1.585    20.9432   0.002478     6.3112     0.4055  0.000e+00
     -1.597     -1.585    20.9369   0.002459     6.3212     0.4177  0.000e+00
     -1.597     -1.585    20.9307   0.002478     6.3182     0.4055  0.000e+00
     -1.597     -1.585    20.9268   0.002468     6.3182     0.4300  0.000e+00
     -1.597     -1.585    20.9213   0.002468     6.3250     0.4177  0.000e+00
     -1.597     -1.585    20.9176   0.002446     6.3200     0.4055  0.000e+00
     -1.597     -1.585    20.9124   0.002451     6.3194     0.0392  0.000e+00
     -0.981     -0.974    20.9081   0.002430     6.3246     0.0270  0.000e+00
     -1.597     -1.585    20.9037   0.002414     6.3183     0.0148  0.000e+00
     -0.981     -0.974    20.8933   0.002419     6.3225     0.0270  0.000e+00
     -1.597     -1.585    20.8834   0.002430     6.3241     0.0148  0.000e+00
     -1.597     -1.585    20.8685   0.002408     6.3199     0.0148  0.000e+00
     -1.597     -1.585    20.8562   0.002392     6.3357     0.0270  0.000e+00
     -1.597     -1.585    20.8348   0.002400     6.3361     0.0148  0.000e+00
     -1.597     -1.585    20.8070   0.002392     6.3350     0.0026  0.000e+00
     -1.597     -1.585    20.8003   0.002392     6.3412     0.0270  0.000e+00
     -1.597     -1.585    20.8028   0.002373     6.3369     0.0148  0.000e+00
     -1.597     -1.585    20.8063   0.002376     6.3392     0.0148  0.000e+00
     -1.597     -1.585    20.8088   0.002389     6.3400     0.0270  0.000e+00
     -1.597     -1.585    20.8117   0.002362     6.3349     0.0148  0.000e+00
     -1.597     -1.585    20.8132   0.002362     6.3334     0.0392  0.000e+00
     -1.597     -1.585    20.8142   0.002362     6.3422     0.0270  0.000e+00
     -1.597     -1.585    20.8147   0.002384     6.3334     0.0148  0.000e+00
     -1.597     -1.585    20.8142   0.002368     6.3317     0.3201  0.000e+00
     -1.597     -1.585    20.8144   0.002392     6.3400     0.3201  0.000e+00
     -1.597     -1.585    20.8146   0.002373     6.3307     0.2956  0.000e+00
     -1.597     -1.585    20.8128   0.002400     6.3344     0.3201  0.000e+00
     -1.597     -1.585    20.8105   0.002384     6.3390     0.3079  0.000e+00
     -1.597     -1.585    20.8058   0.002392     6.3298     0.2956  0.000e+00
     -1.597     -1.585    20.7883   0.002400     6.3419     0.3201  0.000e+00
     -1.597     -1.585    20.7779   0.002397     6.3403     0.2956  0.000e+00
     -1.597     -1.585    20.7550   0.002408     6.3381     0.3079  0.000e+00
     -1.597     -1.585    20.7461   0.002419     6.3479     0.3933  0.000e+00
     -1.597     -1.585    20.7358   0.002414     6.3495     0.3689  0.000e+00
     -1.597     -1.585    20.7175   0.002430     6.3531     0.3933  0.000e+00
     -1.597     -1.585    20.7097   0.002438     6.3598     0.3933  0.000e+00
     -1.597     -1.585    20.7096   0.002430     6.3513     0.3811  0.000e+00
     -1.597     -1.585    20.7100   0.002451     6.3497     0.3933  0.000e+00
     -1.597     -1.585    20.7083   0.002451     6.3551     0.3933  0.000e+00
     -1.597     -1.585    20.7073   0.002449     6.3500     0.3811  0.000e+00
     -1.597     -1.585    20.7063   0.002459     6.3529     0.0514  0.000e+00
     -1.597     -1.585    20.7075   0.002449     6.3587     0.0514  0.000e+00
     -1.597     -1.585    20.7091   0.002459     6.3492     0.0270  0.000e+00
     -1.597     -1.585    20.7059   0.002451     6.3530     0.0514  0.000e+00
     -1.597     -1.585    20.7015   0.002451     6.3591     0.0270  0.000e+00
     -1.597     -1.585    20.6930   0.002459     6.3551     0.0270  0.000e+00
     -1.597     -1.585    20.6864   0.002438     6.3657     0.0514  0.000e+00
     -1.597     -1.585    20.6812   0.002459     6.3629     0.0270  0.000e+00
     -1.597     -1.585    20.6775   0.002419     6.3576     0.0148  0.000e+00
     -1.597     -1.585    20.6729   0.002438     6.3671     0.0514  0.000e+00
     -1.597     -1.585    20.6663   0.002422     6.3649     0.0270  0.000e+00
     -1.597     -1.585    20.6583   0.002430     6.3618     0.0270  0.000e+00
     -1.597     -1.585    20.6553   0.002414     6.3719     0.0392  0.000e+00
     -1.597     -1.585    20.6526   0.002408     6.3678     0.0270  0.000e+00
     -1.597     -1.585    20.6504   0.002384     6.3669     0.0514  0.000e+00
     -1.597     -1.585    20.6440   0.002381     6.3721     0.0392  0.000e+00
     -1.597     -1.585    20.6087   0.002384     6.3716     0.0270  0.000e+00
     -1.597     -1.585    20.5671   0.002381     6.3764     0.0392  0.000e+00
     -1.597     -1.585    20.5363   0.002370     6.3854     0.0270  0.000e+00
     -1.597     -1.585    20.5087   0.002341     6.3787     0.0270  0.000e+00
     -1.597     -1.585    20.4446   0.002341     6.3898     0.0392  0.000e+00
     -1.597     -1.585    20.3809   0.002316     6.4029     0.0270  0.000e+00
     -1.597     -1.585    20.3311   0.002300     6.4092     0.0270  0.000e+00
     -1.597     -1.585    20.2977   0.002287     6.4201     0.0392  0.000e+00
     -1.597     -1.585    20.2544   0.002257     6.4274     0.0270  0.000e+00
     -1.597     -1.585    20.2199   0.002227     6.4274     0.0148  0.000e+00
     -1.597     -1.585    20.2043   0.002189     6.4353     0.4544  0.000e+00
     -1.597     -1.585    20.2028   0.002151     6.4363     0.4422  0.000e+00
     -1.597     -1.585    20.1958   0.002122     6.4319     0.4422  0.000e+00
     -1.597     -1.585    20.1860   0.002106     6.4430     0.4544  0.000e+00
     -1.597     -1.585    20.1661   0.002143     6.4421     0.4422  0.000e+00
     -1.597     -1.585    20.1581   0.002160     6.4383     0.4666  0.000e+00
     -1.597     -1.585    20.1564   0.002189     6.4429     0.4544  0.000e+00
     -1.597     -1.585    20.1515   0.002195     6.4384     0.4422  0.000e+00
     -1.597     -1.585    20.1440   0.002211     6.4377     0.0392  0.000e+00
     -1.597     -1.585    20.1371   0.002195     6.4426     0.0392  0.000e+00
     -1.597     -1.585    20.1294   0.002203     6.4369     0.0148  0.000e+00
     -1.597     -1.585    20.1236   0.002249     6.4354     0.0392  0.000e+00
     -0.981     -0.974    20.1198   0.002303     6.4398     0.0270  0.000e+00
     -1.597     -1.585    20.1028   0.002332     6.4367     0.0270  0.000e+00
     -1.597     -1.585    20.0956   0.002303     6.4469     0.0392  0.000e+00
     -1.597     -1.585    20.0869   0.002278     6.4453     0.0148  0.000e+00
     -1.597     -1.585    20.0693   0.002278     6.4473     0.0148  0.000e+00
     -1.597     -1.585    20.0560   0.002316     6.4545     0.0881  0.000e+00
     -1.597     -1.585    20.0353   0.002324     6.4589     0.0759  0.000e+00
     -1.597     -1.585    19.9916   0.002376     6.4605     0.0881  0.000e+00
     -1.597     -1.585    19.9462   0.002346     6.4729     0.0881  0.000e+00
     -1.597     -1.585    19.9296   0.002354     6.4718     0.0759  0.000e+00
     -1.597     -1.585    19.9279   0.002354     6.4758     0.1003  0.000e+00
     -1.597     -1.585    19.9251   0.002338     6.4820     0.0881  0.000e+00
     -1.597     -1.585    19.9075   0.002354     6.4757     0.0759  0.000e+00
     -1.597     -1.585    19.8949   0.002408     6.4758     0.0392  0.000e+00
     -1.597     -1.585    19.8662   0.002484     6.4886     0.0392  0.000e+00
     -1.597     -1.585    19.8393   0.002543     6.4830     0.0270  0.000e+00
     -1.597     -1.585    19.8248   0.002551     6.4829     0.0270  0.000e+00
     -1.597     -1.585    19.8125   0.002565     6.4882     0.0148  0.000e+00
     -1.597     -1.585    19.7945   0.002581     6.4846     0.0148  0.000e+00
     -1.597     -1.585    19.7674   0.002551     6.4929     0.0392  0.000e+00
     -1.597     -1.585    19.7470   0.002554     6.4955     0.0148  0.000e+00
     -1.597     -1.585    19.7351   0.002543     6.4873     0.0148  0.000e+00
     -1.597     -1.585    19.7193   0.002516     6.4977    -0.4125  0.000e+00
     -1.597     -1.585    19.6904   0.002522     6.5026    -0.4370  0.000e+00
     -1.597     -1.585    19.6720   0.002500     6.5002    -0.4247  0.000e+00
     -1.597     -1.585    19.6638   0.002505     6.5107    -0.4125  0.000e+00
     -1.597     -1.585    19.6408   0.002649     6.5098    -0.4247  0.000e+00
     -1.597     -1.585    19.6041   0.002665     6.5108    -0.4125  0.000e+00
     -1.597     -1.585    19.5796   0.002776     6.5247    -0.4125  0.000e+00
     -1.597     -1.585    19.5553   0.002851     6.5192    -0.4247  0.000e+00
     -1.597     -1.585    19.5211   0.002808     6.5225    48.9647  0.000e+00
     -1.597     -1.585    19.4978   0.002792     6.5363    49.1723  0.000e+00
     -1.597     -1.585    19.4913   0.002792     6.5236    49.1357  0.000e+00
     -1.597     -1.585    19.4809   0.002746     6.5225    49.1601  0.000e+00
     -1.597     -1.585    19.4813   0.002678     6.5261    49.1479  0.000e+00
     -1.597     -1.585    19.4849   0.002678     6.5150    49.1479  0.000e+00
     -1.597     -1.585    19.4801   0.002632     6.5186    49.1601  0.000e+00
     -1.597     -1.585    19.4851   0.002603     6.5175    49.1479  0.000e+00
     -1.597     -1.585    19.4884   0.002565     6.5097    49.1479  0.000e+00
     -1.597     -1.585    19.4757   0.002543     6.5198    -0.1683  0.000e+00
     -1.597     -1.585    19.4703   0.002489     6.5171    -0.1928  0.000e+00
     -1.597     -1.585    19.4588   0.002465     6.5083    -0.1928  0.000e+00
     -1.597     -1.585    19.4674   0.002430     6.5165    -0.1805  0.000e+00
     -1.597     -1.585    19.4615   0.002397     6.5139    -0.1928  0.000e+00
     -0.981     -0.974    19.4517   0.002354     6.5055    -0.1805  0.000e+00
     -1.597     -1.585    19.4580   0.002324     6.5138    -0.1805  0.000e+00
     -0.981     -0.974    19.4555   0.002303     6.5103    -0.1928  0.000e+00
     -1.597     -1.585    19.4470   0.002278     6.5059    -0.1439  0.000e+00
     -1.597     -1.585    19.4476   0.002262     6.5123    -0.1561  0.000e+00
     -0.981     -0.974    19.4494   0.002219     6.5027    -0.1683  0.000e+00
