tests/test4_preprocessing/c004.cnv
* Sea-Bird SBE25 Data File:
* FileName = C:\Users\CAU\Desktop\DEMERSALES 0920\c004.hex
* Software Version 1.59
* Temperature SN = 4959
* Conductivity SN = 3516
* System UpLoad Time = Sep 18 2020 09:57:41
** Ship: B/O: Miguel Oliver
** Cruise: DEMERSALES 0920
** Station:c004
** Date:18/09/20
** Time (GMT/local):09:44
** Latitude:42 10.407 N
** Longitude:009 02.253 W
** Depth (m):125
** Operador:Chapela
# nquan = 7
# nvalues = 3961                                  
# units = specified
# name 0 = prSM: Pressure, Strain Gauge [db]
# name 1 = depSM: Depth [salt water, m], lat = 36.00
# name 2 = t090C: Temperature [ITS-90, deg C]
# name 3 = c0S/m: Conductivity [S/m]
# name 4 = sbeox0ML/L: Oxygen, SBE 43 [ml/l]
# name 5 = flECO-AFL: Fluorescence, WET Labs ECO-AFL/FL [mg/m^3]
# name 6 = flag:  0.000e+00
# span 0 =     -1.597,    117.277                 
# span 1 =     -1.585,    116.387                 
# span 2 =    12.7130,    20.8455                 
# span 3 =   0.003411,   4.644968                 
# span 4 =     2.4717,     6.3744                 
# span 5 =    -0.3271,     3.9464                 
# span 6 = 0.0000e+00, 0.0000e+00                 
# interval = seconds: 0.125
# start_time = Sep 18 2020 09:44:34 [Instrument's time stamp, header]
# bad_flag = -9.990e-29
*END*
[from data line 3077]
     61.856     61.395    12.9805   4.166510     2.8371     0.1369  0.000e+00
     61.856     61.395    12.9834   4.166980     2.8417     0.1858  0.000e+00
     61.856     61.395    12.9860   4.167253     2.8456     0.1735  0.000e+00
     61.240     60.783    12.9878   4.167568     2.8435     0.1858  0.000e+00
     61.856     61.395    12.9886   4.167730     2.8553     0.1858  0.000e+00
     61.240     60.783    12.9916   4.167884     2.8524     0.1735  0.000e+00
     61.240     60.783    12.9919   4.168002     2.8572     0.1858  0.000e+00
     61.240     60.783    12.9939   4.168200     2.8703     0.1858  0.000e+00
     61.240     60.783    12.9948   4.168293     2.8691     0.1735  0.000e+00
     61.240     60.783    12.9956   4.168355     2.8703     0.1613  0.000e+00
     60.624     60.172    12.9969   4.168478     2.8783     0.1613  0.000e+00
     60.624     60.172    12.9982   4.168670     2.8740     0.1491  0.000e+00
     60.624     60.172    12.9993   4.168713     2.8883     0.1613  0.000e+00
     60.624     60.172    13.0013   4.169029     2.8941     0.1491  0.000e+00
     60.008     59.561    13.0028   4.169103     2.8945     0.1491  0.000e+00
     60.008     59.561    13.0056   4.169264     2.8997     0.1613  0.000e+00
     60.008     59.561    13.0098   4.169617     2.8996     0.1491  0.000e+00
     60.008     59.561    13.0234   4.170564     2.8971     0.1369  0.000e+00
     60.008     59.561    13.0281   4.171549     2.9046     0.0759  0.000e+00
     60.008     59.561    13.0343   4.172137     2.9001     0.0514  0.000e+00
     60.008     59.561    13.0364   4.172534     2.8976     0.0759  0.000e+00
     60.008     59.561    13.0391   4.172850     2.9112     0.0637  0.000e+00
     59.392     58.950    13.0413   4.173085     2.9110     0.0514  0.000e+00
     59.392     58.950    13.0432   4.173203     2.9107     0.0637  0.000e+00
     58.776     58.338    13.0449   4.173555     2.9260     0.0514  0.000e+00
     58.776     58.338    13.0502   4.173754     2.9277     0.0514  0.000e+00
     58.776     58.338    13.0539   4.174305     2.9320     0.1125  0.000e+00
     58.776     58.338    13.0567   4.174621     2.9420     0.0881  0.000e+00
     58.776     58.338    13.0641   4.175296     2.9312     0.0881  0.000e+00
     58.776     58.338    13.0661   4.175686     2.9396     0.1003  0.000e+00
     58.160     57.727    13.0709   4.176163     2.9451     0.0881  0.000e+00
     58.160     57.727    13.0774   4.176597     2.9404     0.0881  0.000e+00
     58.160     57.727    13.0776   4.176994     2.9439     0.1003  0.000e+00
     58.160     57.727    13.0792   4.177229     2.9372     0.0881  0.000e+00
     58.160     57.727    13.0813   4.177427     2.9369     0.0759  0.000e+00
     58.160     57.727    13.0826   4.177582     2.9345     0.1369  0.000e+00
     57.544     57.116    13.0843   4.177743     2.9238     0.1247  0.000e+00
     57.544     57.116    13.0861   4.177861     2.9201     0.1369  0.000e+00
     57.544     57.116    13.0863   4.177941     2.9208     0.1369  0.000e+00
     57.544     57.116    13.0859   4.177979     2.9071     0.1247  0.000e+00
     57.544     57.116    13.0888   4.178059     2.9086     0.1369  0.000e+00
     57.544     57.116    13.0881   4.178183     2.9069     0.1247  0.000e+00
     56.928     56.505    13.0883   4.178183     2.8991     0.1247  0.000e+00
     56.928     56.505    13.0885   4.178177     2.9008     0.1858  0.000e+00
     56.928     56.505    13.0881   4.178257     2.9015     0.1735  0.000e+00
     56.928     56.505    13.0896   4.178257     2.8986     0.1735  0.000e+00
     56.928     56.505    13.0901   4.178294     2.9127     0.1980  0.000e+00
     56.928     56.505    13.0913   4.178412     2.9172     0.1735  0.000e+00
     56.928     56.505    13.0913   4.178375     2.9147     0.1858  0.000e+00
     56.928     56.505    13.0907   4.178375     2.9261     0.1858  0.000e+00
     56.313     55.893    13.0918   4.178300     2.9183     0.1735  0.000e+00
     56.313     55.893    13.0915   4.178375     2.9233     0.1613  0.000e+00
     56.313     55.893    13.0898   4.178331     2.9339     0.0759  0.000e+00
     56.313     55.893    13.0892   4.178176     2.9302     0.0759  0.000e+00
     56.313     55.893    13.0885   4.177941     2.9353     0.0759  0.000e+00
     56.313     55.893    13.0892   4.177860     2.9470     0.0637  0.000e+00
     56.313     55.893    13.0896   4.177978     2.9475     0.0637  0.000e+00
     56.313     55.893    13.0894   4.177897     2.9641     0.0759  0.000e+00
     55.697     55.282    13.0900   4.177897     2.9588     0.0637  0.000e+00
     55.697     55.282    13.0898   4.177947     2.9576     0.0637  0.000e+00
     55.697     55.282    13.0888   4.177897     2.9660     0.0637  0.000e+00
     55.697     55.282    13.0890   4.177817     2.9659     0.0514  0.000e+00
     55.697     55.282    13.0894   4.177817     2.9591     0.0514  0.000e+00
     55.697     55.282    13.0903   4.177860     2.9685     0.0637  0.000e+00
     55.697     55.282    13.0909   4.177897     2.9649     0.0514  0.000e+00
     55.081     54.671    13.0888   4.177978     2.9569     0.0637  0.000e+00
     55.081     54.671    13.0883   4.177779     2.9641     0.0637  0.000e+00
     55.081     54.671    13.0883   4.177661     2.9553     0.0514  0.000e+00
     55.081     54.671    13.0885   4.177779     2.9548     0.0514  0.000e+00
     55.081     54.671    13.0892   4.177816     2.9622     0.1613  0.000e+00
     55.081     54.671    13.0892   4.177711     2.9551     0.1491  0.000e+00
     54.465     54.060    13.0913   4.177816     2.9609     0.1613  0.000e+00
     54.465     54.060    13.0929   4.178132     2.9713     0.1491  0.000e+00
     54.465     54.060    13.0920   4.178256     2.9686     0.1491  0.000e+00
     54.465     54.060    13.0907   4.178095     2.9824     0.1613  0.000e+00
     54.465     54.060    13.0868   4.177897     2.9851     0.1491  0.000e+00
     53.849     53.448    13.0841   4.177382     2.9860     0.1491  0.000e+00
     53.849     53.448    13.0830   4.177147     2.9934     0.1735  0.000e+00
     53.849     53.448    13.0837   4.177029     2.9958     0.1491  0.000e+00
     54.465     54.060    13.0830   4.177066     2.9907     0.1613  0.000e+00
     53.233     52.837    13.0826   4.176948     2.9998     0.1735  0.000e+00
     53.233     52.837    13.0815   4.176911     2.9946     0.1613  0.000e+00
     53.233     52.837    13.0817   4.176750     2.9899     0.1858  0.000e+00
     53.233     52.837    13.0824   4.176675     2.9867     0.1735  0.000e+00
     53.233     52.837    13.0841   4.176793     2.9758     0.1613  0.000e+00
     52.617     52.226    13.0868   4.176991     2.9779     0.1491  0.000e+00
     52.617     52.226    13.0874   4.177183     2.9802     0.0637  0.000e+00
     52.617     52.226    13.0865   4.177227     2.9812     0.0514  0.000e+00
     52.001     51.614    13.0887   4.177183     3.0233     0.0759  0.000e+00
     52.001     51.614    13.0922   4.177425     3.0497     0.0514  0.000e+00
     52.001     51.614    13.0972   4.177865     3.0564     0.0514  0.000e+00
     52.001     51.614    13.1016   4.178255     3.0666     0.0637  0.000e+00
     52.001     51.614    13.1003   4.178571     3.0601     0.0392  0.000e+00
     51.385     51.003    13.1027   4.178410     3.0518     0.0637  0.000e+00
     51.385     51.003    13.1074   4.179042     3.0452     0.0759  0.000e+00
     51.385     51.003    13.1105   4.179197     3.0311     0.0637  0.000e+00
     50.769     50.392    13.1099   4.179042     3.0164     0.0759  0.000e+00
     51.385     51.003    13.1100   4.179122     3.0077     0.0759  0.000e+00
     50.769     50.392    13.1166   4.179674     2.9813     0.0637  0.000e+00
     50.769     50.392    13.1087   4.179909     2.9658     0.0881  0.000e+00
     50.769     50.392    13.1076   4.179475     2.9545     0.0759  0.000e+00
     50.769     50.392    13.1122   4.179556     2.9229     0.0637  0.000e+00
     50.769     50.392    13.1148   4.179909     2.9046     0.0514  0.000e+00
     50.769     50.392    13.1155   4.180108     2.8881     0.1247  0.000e+00
     50.769     50.392    13.1177   4.180188     2.8687     0.1125  0.000e+00
     50.769     50.392    13.1414   4.181285     2.8666     0.1247  0.000e+00
     50.153     49.781    13.1429   4.182872     2.8770     0.1003  0.000e+00
     50.153     49.781    13.1421   4.182816     2.8809     0.1125  0.000e+00
     50.153     49.781    13.1446   4.182996     2.8954     0.1369  0.000e+00
     50.153     49.781    13.1594   4.183604     2.9036     0.1125  0.000e+00
     50.153     49.781    13.1646   4.185092     2.9108     0.1369  0.000e+00
     50.153     49.781    13.1657   4.185247     2.9232     0.0881  0.000e+00
     50.153     49.781    13.1646   4.185259     2.9353     0.0759  0.000e+00
     50.153     49.781    13.1583   4.184776     2.9338     0.0881  0.000e+00
     49.537     49.169    13.1524   4.184298     2.9493     0.0881  0.000e+00
     49.537     49.169    13.1542   4.184180     2.9441     0.0759  0.000e+00
     50.153     49.781    13.1544   4.184534     2.9414     0.1003  0.000e+00
     49.537     49.169    13.1659   4.184744     2.9480     0.0759  0.000e+00
     49.537     49.169    13.1730   4.185445     2.9377     0.0759  0.000e+00
     49.537     49.169    13.1765   4.186040     2.9348     0.0637  0.000e+00
     49.537     49.169    13.1796   4.186078     2.9324     0.0637  0.000e+00
     48.921     48.558    13.1803   4.186518     2.9237     0.0637  0.000e+00
     48.921     48.558    13.1661   4.186555     2.9246     0.0759  0.000e+00
     48.921     48.558    13.1535   4.185526     2.9240     0.0637  0.000e+00
     48.921     48.558    13.1636   4.185377     2.9161     0.0637  0.000e+00
     48.921     48.558    13.1776   4.185922     2.9133     0.0759  0.000e+00
     48.305     47.947    13.1787   4.186790     2.9113     0.0637  0.000e+00
     48.921     48.558    13.1850   4.187467     2.9100     0.0881  0.000e+00
     48.305     47.947    13.1929   4.187981     2.9248     0.2834  0.000e+00
     48.305     47.947    13.1961   4.188614     2.9219     0.2590  0.000e+00
     48.305     47.947    13.1894   4.188645     2.9240     0.2834  0.000e+00
     48.305     47.947    13.1920   4.188366     2.9340     0.2834  0.000e+00
     48.305     47.947    13.2043   4.188918     2.9229     0.2590  0.000e+00
     48.305     47.947    13.2108   4.189867     2.9214     0.2834  0.000e+00
     47.689     47.335    13.2130   4.190419     2.9268     0.2590  0.000e+00
     47.689     47.335    13.2193   4.190773     2.9215     0.2712  0.000e+00
     47.689     47.335    13.2223   4.191548     2.9295     0.2590  0.000e+00
     47.689     47.335    13.2291   4.192063     2.9259     0.1491  0.000e+00
     47.689     47.335    13.2315   4.192461     2.9197     0.1491  0.000e+00
     47.689     47.335    13.2371   4.192740     2.9233     0.1613  0.000e+00
     47.689     47.335    13.2378   4.193174     2.9191     0.1369  0.000e+00
     47.073     46.724    13.2417   4.193447     2.9119     0.1613  0.000e+00
     47.689     47.335    13.2406   4.193572     2.9140     0.1735  0.000e+00
     46.457     46.113    13.2464   4.193726     2.9023     0.1491  0.000e+00
     46.457     46.113    13.2479   4.194322     2.9033     0.1735  0.000e+00
     46.457     46.113    13.2469   4.194279     2.9109     0.1735  0.000e+00
     46.457     46.113    13.2497   4.194477     2.9029     0.1613  0.000e+00
     46.457     46.113    13.2518   4.194558     2.9072     0.1735  0.000e+00
     46.457     46.113    13.2546   4.194949     2.9245     0.1735  0.000e+00
     45.841     45.501    13.2551   4.195073     2.9270     0.1613  0.000e+00
     45.841     45.501    13.2569   4.195265     2.9389     0.1735  0.000e+00
     45.841     45.501    13.2592   4.195433     2.9448     0.1491  0.000e+00
     45.225     44.890    13.2594   4.195582     2.9486     0.1735  0.000e+00
     45.225     44.890    13.2598   4.195631     2.9550     0.1491  0.000e+00
     45.225     44.890    13.2591   4.195662     2.9548     0.1613  0.000e+00
     45.225     44.890    13.2609   4.195669     2.9559     0.1613  0.000e+00
     45.225     44.890    13.2620   4.195861     2.9629     0.1735  0.000e+00
     45.225     44.890    13.2626   4.195985     2.9692     0.1613  0.000e+00
     44.609     44.279    13.2613   4.195979     2.9647     0.1735  0.000e+00
     44.609     44.279    13.2624   4.195985     2.9597     0.1735  0.000e+00
     44.609     44.279    13.2659   4.196097     2.9495     0.1613  0.000e+00
     44.609     44.279    13.2641   4.196308     2.9390     0.1735  0.000e+00
     43.993     43.667    13.2637   4.196177     2.9377     0.1125  0.000e+00
     44.609     44.279    13.2637   4.196146     2.9156     0.1003  0.000e+00
     43.993     43.667    13.2641   4.196252     2.9046     0.1125  0.000e+00
     43.993     43.667    13.2646   4.196307     2.9032     0.1003  0.000e+00
     43.993     43.667    13.2628   4.196109     2.8942     0.1003  0.000e+00
     43.993     43.667    13.2646   4.196096     2.9064     0.1125  0.000e+00
     43.993     43.667    13.2659   4.196345     2.9039     0.1003  0.000e+00
     43.993     43.667    13.2670   4.196450     2.9006     0.1125  0.000e+00
     43.993     43.667    13.2691   4.196543     2.9014     0.0881  0.000e+00
     43.377     43.056    13.2702   4.196729     2.9011     0.2224  0.000e+00
     43.993     43.667    13.2711   4.196860     2.8922     0.2346  0.000e+00
     43.377     43.056    13.2715   4.196804     2.8969     0.2468  0.000e+00
     43.377     43.056    13.2725   4.196965     2.8961     0.2346  0.000e+00
     43.377     43.056    13.2737   4.197021     2.9030     0.2468  0.000e+00
     43.993     43.667    13.2738   4.197164     2.9110     0.2590  0.000e+00
     43.377     43.056    13.2734   4.197102     2.9093     0.2346  0.000e+00
     43.993     43.667    13.2752   4.197164     2.9199     0.2468  0.000e+00
     43.377     43.056    13.2733   4.197164     2.9345     0.0881  0.000e+00
     43.377     43.056    13.2708   4.196978     2.9330     0.0759  0.000e+00
     43.377     43.056    13.2740   4.196965     2.9436     0.0881  0.000e+00
     42.761     42.445    13.2745   4.197058     2.9528     0.0759  0.000e+00
     43.377     43.056    13.2753   4.197164     2.9471     0.0637  0.000e+00
     42.761     42.445    13.2747   4.197164     2.9565     0.1003  0.000e+00
     42.761     42.445    13.2762   4.197220     2.9608     0.0759  0.000e+00
     42.761     42.445    13.2777   4.197319     2.9582     0.0881  0.000e+00
     42.761     42.445    13.2782   4.197375     2.9680     0.0637  0.000e+00
     42.761     42.445    13.2775   4.197418     2.9703     0.0514  0.000e+00
     42.145     41.833    13.2791   4.197437     2.9730     0.0881  0.000e+00
     42.145     41.833    13.2801   4.197492     2.9776     0.0759  0.000e+00
     42.145     41.833    13.2814   4.197555     2.9758     0.0637  0.000e+00
     42.145     41.833    13.2913   4.197908     2.9782     0.0881  0.000e+00
     42.145     41.833    13.2953   4.198647     2.9871     0.0759  0.000e+00
     41.529     41.222    13.3072   4.199243     2.9853     0.0637  0.000e+00
     41.529     41.222    13.3158   4.200081     2.9946     0.0881  0.000e+00
     40.913     40.610    13.3216   4.200715     3.0030     0.2590  0.000e+00
     41.529     41.222    13.3278   4.201112     3.0101     0.2346  0.000e+00
     40.913     40.610    13.3363   4.201466     3.0189     0.2590  0.000e+00
     40.913     40.610    13.3385   4.201702     3.0199     0.2346  0.000e+00
     40.913     40.610    13.3413   4.201901     3.0148     0.2468  0.000e+00
     40.913     40.610    13.3453   4.202180     3.0176     0.2590  0.000e+00
     40.297     39.999    13.3489   4.202497     3.0150     0.2346  0.000e+00
     40.297     39.999    13.3518   4.202733     3.0047     0.2590  0.000e+00
     40.297     39.999    13.3546   4.202932     3.0039     0.2346  0.000e+00
