tests/test4_preprocessing/c004.cnv
* Sea-Bird SBE25 Data File:
* FileName = C:\Users\CAU\Desktop\DEMERSALES 0920\c004.hex
* Software Version 1.59
* Temperature SN = 4959
* Conductivity SN = 3516
* System UpLoad Time = Sep 18 2020 09:57:41
** Ship: B/O: Miguel Oliver
** Cruise: DEMERSALES 0920
** Station:c004
** Date:18/09/20
** Time (GMT/local):09:44
** Latitude:42 10.407 N
** Longitude:009 02.253 W
** Depth (m):125
** Operador:Chapela
# nquan = 7
# nvalues = 3961                                  
# units = specified
# name 0 = prSM: Pressure, Strain Gauge [db]
# name 1 = depSM: Depth [salt water, m], lat = 36.00
# name 2 = t090C: Temperature [ITS-90, deg C]
# name 3 = c0S/m: Conductivity [S/m]
# name 4 = sbeox0ML/L: Oxygen, SBE 43 [ml/l]
# name 5 = flECO-AFL: Fluorescence, WET Labs ECO-AFL/FL [mg/m^3]
# name 6 = flag:  0.000e+00
# span 0 =     -1.597,    117.277                 
# span 1 =     -1.585,    116.387                 
# span 2 =    12.7130,    20.8455                 
# span 3 =   0.003411,   4.644968                 
# span 4 =     2.4717,     6.3744                 
# span 5 =    -0.3271,     3.9464                 
# span 6 = 0.0000e+00, 0.0000e+00                 
# interval = seconds: 0.125
# start_time = Sep 18 2020 09:44:34 [Instrument's time stamp, header]
# bad_flag = -9.990e-29
*END*
[from data line 2667]
    105.579    104.780    12.7248   4.142755     2.8216     0.1003  0.000e+00
    105.579    104.780    12.7250   4.142755     2.8132     0.0881  0.000e+00
    104.963    104.169    12.7250   4.142786     2.8086     0.1125  0.000e+00
    105.579    104.780    12.7252   4.142786     2.8126     0.1003  0.000e+00
    105.579    104.780    12.7259   4.142798     2.8082     0.1003  0.000e+00
    104.963    104.169    12.7254   4.142786     2.8173     0.1247  0.000e+00
    105.579    104.780    12.7248   4.142786     2.8233     0.1003  0.000e+00
    104.963    104.169    12.7257   4.142798     2.8143     0.1003  0.000e+00
    104.963    104.169    12.7253   4.142786     2.8225     0.1125  0.000e+00
    104.963    104.169    12.7253   4.142786     2.8253     0.1003  0.000e+00
    104.963    104.169    12.7256   4.142798     2.8214     0.1125  0.000e+00
    104.347    103.559    12.7257   4.142829     2.8274     0.0759  0.000e+00
    104.963    104.169    12.7263   4.142786     2.8254     0.0514  0.000e+00
    104.347    103.559    12.7257   4.142755     2.8251     0.0759  0.000e+00
    104.347    103.559    12.7254   4.142835     2.8315     0.0759  0.000e+00
    104.347    103.559    12.7259   4.142829     2.8212     0.0637  0.000e+00
    104.347    103.559    12.7259   4.142798     2.8228     0.0759  0.000e+00
    104.347    103.559    12.7253   4.142798     2.8291     0.0637  0.000e+00
    103.731    102.948    12.7259   4.142785     2.8234     0.0637  0.000e+00
    103.731    102.948    12.7259   4.142754     2.8212     0.0759  0.000e+00
    103.731    102.948    12.7263   4.142798     2.8352     0.0637  0.000e+00
    103.731    102.948    12.7261   4.142829     2.8268     0.0759  0.000e+00
    103.116    102.337    12.7256   4.142797     2.8379     0.0759  0.000e+00
    103.116    102.337    12.7261   4.142835     2.8321     0.0637  0.000e+00
    103.116    102.337    12.7259   4.142748     2.8299     0.0637  0.000e+00
    103.116    102.337    12.7259   4.142754     2.8356     0.0759  0.000e+00
    103.116    102.337    12.7261   4.142797     2.8327     0.0514  0.000e+00
    103.116    102.337    12.7257   4.142828     2.8316     0.0759  0.000e+00
    103.116    102.337    12.7263   4.142717     2.8369     0.1369  0.000e+00
    102.500    101.726    12.7259   4.142754     2.8317     0.1247  0.000e+00
    102.500    101.726    12.7256   4.142785     2.8251     0.1369  0.000e+00
    102.500    101.726    12.7257   4.142748     2.8286     0.1369  0.000e+00
    102.500    101.726    12.7257   4.142717     2.8204     0.1247  0.000e+00
    102.500    101.726    12.7257   4.142668     2.8269     0.1369  0.000e+00
    102.500    101.726    12.7259   4.142748     2.8278     0.1125  0.000e+00
    102.500    101.726    12.7259   4.142717     2.8170     0.1247  0.000e+00
    101.884    101.115    12.7263   4.142667     2.8129     0.0759  0.000e+00
    101.884    101.115    12.7256   4.142667     2.8190     0.0270  0.000e+00
    101.884    101.115    12.7254   4.142717     2.8137     0.0270  0.000e+00
    101.884    101.115    12.7259   4.142680     2.8252     0.0392  0.000e+00
    101.269    100.504    12.7257   4.142667     2.8215     0.0270  0.000e+00
    101.269    100.504    12.7259   4.142679     2.8166     0.0392  0.000e+00
    101.269    100.504    12.7256   4.142636     2.8268     0.0392  0.000e+00
    101.269    100.504    12.7254   4.142630     2.8187     0.0270  0.000e+00
    101.269    100.504    12.7257   4.142636     2.8225     0.0392  0.000e+00
    101.269    100.504    12.7253   4.142679     2.8294     0.1247  0.000e+00
    101.269    100.504    12.7250   4.142630     2.8264     0.1125  0.000e+00
    100.653     99.893    12.7256   4.142667     2.8248     0.1369  0.000e+00
    100.653     99.893    12.7252   4.142562     2.8300     0.1247  0.000e+00
    100.653     99.893    12.7252   4.142593     2.8248     0.1125  0.000e+00
    100.653     99.893    12.7256   4.142549     2.8362     0.1247  0.000e+00
    100.653     99.893    12.7252   4.142562     2.8404     0.1003  0.000e+00
    100.653     99.893    12.7257   4.142636     2.8362     0.1125  0.000e+00
    100.653     99.893    12.7255   4.142549     2.8302     0.1247  0.000e+00
    100.037     99.282    12.7251   4.142562     2.8387     0.1125  0.000e+00
    100.037     99.282    12.7254   4.142562     2.8336     0.1125  0.000e+00
    100.037     99.282    12.7254   4.142592     2.8447     0.1247  0.000e+00
     99.421     98.671    12.7250   4.142598     2.8418     0.1125  0.000e+00
     99.421     98.671    12.7254   4.142518     2.8405     0.1247  0.000e+00
     99.421     98.671    12.7254   4.142512     2.8469     0.1247  0.000e+00
     99.421     98.671    12.7259   4.142512     2.8363     0.1125  0.000e+00
     99.421     98.671    12.7256   4.142518     2.8388     0.1369  0.000e+00
     99.421     98.671    12.7246   4.142512     2.8442     0.1125  0.000e+00
     98.806     98.060    12.7248   4.142512     2.8339     0.1003  0.000e+00
     99.421     98.671    12.7250   4.142481     2.8358     0.1125  0.000e+00
     98.806     98.060    12.7237   4.142444     2.8400     0.1003  0.000e+00
     98.806     98.060    12.7239   4.142394     2.8290     0.0881  0.000e+00
     98.806     98.060    12.7237   4.142351     2.8380     0.1125  0.000e+00
     98.806     98.060    12.7243   4.142363     2.8348     0.0881  0.000e+00
     98.190     97.449    12.7235   4.142314     2.8285     0.1125  0.000e+00
     98.190     97.449    12.7230   4.142314     2.8191     0.1125  0.000e+00
     98.190     97.449    12.7232   4.142326     2.8264     0.0881  0.000e+00
     98.190     97.449    12.7233   4.142283     2.8202     0.0881  0.000e+00
     98.190     97.449    12.7230   4.142277     2.8306     0.1003  0.000e+00
     97.574     96.838    12.7230   4.142276     2.8224     0.0759  0.000e+00
     97.574     96.838    12.7228   4.142283     2.8264     0.1125  0.000e+00
     97.574     96.838    12.7232   4.142233     2.8335     0.1003  0.000e+00
     97.574     96.838    12.7228   4.142196     2.8290     0.0881  0.000e+00
     97.574     96.838    12.7224   4.142209     2.8343     0.1003  0.000e+00
     97.574     96.838    12.7230   4.142246     2.8425     0.0270  0.000e+00
     97.574     96.838    12.7228   4.142196     2.8389     0.0148  0.000e+00
     96.958     96.227    12.7224   4.142233     2.8447     0.0270  0.000e+00
     97.574     96.838    12.7232   4.142209     2.8537     0.0026  0.000e+00
     96.958     96.227    12.7228   4.142128     2.8453     0.0148  0.000e+00
     96.958     96.227    12.7233   4.142196     2.8567     0.0270  0.000e+00
     96.343     95.616    12.7228   4.142208     2.8591     0.0026  0.000e+00
     96.958     96.227    12.7222   4.142208     2.8499     0.0270  0.000e+00
     96.958     96.227    12.7228   4.142116     2.8404     0.0637  0.000e+00
     96.958     96.227    12.7228   4.142159     2.8421     0.0637  0.000e+00
     96.958     96.227    12.7228   4.142165     2.8337     0.0759  0.000e+00
     96.343     95.616    12.7228   4.142128     2.8415     0.0637  0.000e+00
     95.727     95.005    12.7232   4.142158     2.8340     0.0637  0.000e+00
     96.343     95.616    12.7235   4.142196     2.8316     0.0759  0.000e+00
     95.727     95.005    12.7232   4.142208     2.8352     0.0759  0.000e+00
     95.727     95.005    12.7228   4.142245     2.8239     0.0637  0.000e+00
     95.727     95.005    12.7233   4.142195     2.8310     0.0881  0.000e+00
     95.727     95.005    12.7233   4.142208     2.8326     0.0881  0.000e+00
     95.727     95.005    12.7230   4.142165     2.8277     0.0759  0.000e+00
     95.727     95.005    12.7233   4.142195     2.8377     0.0759  0.000e+00
     95.111     94.394    12.7232   4.142158     2.8421     0.0759  0.000e+00
     95.111     94.394    12.7239   4.142127     2.8335     0.0759  0.000e+00
     95.111     94.394    12.7233   4.142164     2.8450     0.0881  0.000e+00
     95.111     94.394    12.7226   4.142158     2.8398     0.0759  0.000e+00
     95.111     94.394    12.7233   4.142195     2.8336     0.0881  0.000e+00
     95.111     94.394    12.7232   4.142127     2.8244     0.0637  0.000e+00
     94.495     93.783    12.7220   4.142127     2.8204     0.0392  0.000e+00
     94.495     93.783    12.7228   4.142115     2.8152     0.0514  0.000e+00
     94.495     93.783    12.7226   4.142034     2.8185     0.0514  0.000e+00
     94.495     93.783    12.7235   4.142090     2.8023     0.0392  0.000e+00
     94.495     93.783    12.7228   4.142078     2.8021     0.0514  0.000e+00
     93.879     93.172    12.7232   4.142034     2.8053     0.0392  0.000e+00
     94.495     93.783    12.7230   4.142090     2.7929     0.0392  0.000e+00
     93.879     93.172    12.7226   4.142009     2.7958     0.0514  0.000e+00
     93.879     93.172    12.7224   4.142034     2.7962     0.0881  0.000e+00
     93.879     93.172    12.7226   4.141997     2.7907     0.0759  0.000e+00
     93.879     93.172    12.7230   4.142047     2.7927     0.1003  0.000e+00
     93.879     93.172    12.7230   4.142047     2.7958     0.0759  0.000e+00
     93.264     92.561    12.7226   4.142034     2.7965     0.1003  0.000e+00
     93.879     93.172    12.7220   4.142034     2.8017     0.1003  0.000e+00
     93.264     92.561    12.7224   4.142009     2.8043     0.0881  0.000e+00
     93.264     92.561    12.7224   4.142009     2.8061     0.1003  0.000e+00
     93.264     92.561    12.7222   4.141997     2.8019     0.1125  0.000e+00
     92.648     91.950    12.7224   4.141997     2.8064     0.1003  0.000e+00
     92.648     91.950    12.7226   4.141892     2.8032     0.1247  0.000e+00
     92.648     91.950    12.7230   4.141972     2.8154     0.1247  0.000e+00
     92.648     91.950    12.7228   4.141960     2.8063     0.1125  0.000e+00
     92.648     91.950    12.7218   4.141960     2.8109     0.1247  0.000e+00
     92.648     91.950    12.7228   4.141929     2.8138     0.1125  0.000e+00
     92.032     91.339    12.7224   4.141972     2.8037     0.1125  0.000e+00
     92.032     91.339    12.7230   4.142033     2.8126     0.1247  0.000e+00
     92.032     91.339    12.7228   4.141996     2.8148     0.0392  0.000e+00
     91.416     90.728    12.7226   4.141971     2.8104     0.0514  0.000e+00
     91.416     90.728    12.7235   4.141928     2.8246     0.0637  0.000e+00
     91.416     90.728    12.7228   4.141959     2.8232     0.0514  0.000e+00
     91.416     90.728    12.7217   4.141916     2.8152     0.0637  0.000e+00
     91.416     90.728    12.7222   4.141854     2.8192     0.0637  0.000e+00
     91.416     90.728    12.7222   4.141891     2.8149     0.0514  0.000e+00
     91.416     90.728    12.7220   4.141879     2.8191     0.0637  0.000e+00
     90.801     90.117    12.7226   4.141916     2.8130     0.0392  0.000e+00
     90.801     90.117    12.7224   4.141811     2.8073     0.0026  0.000e+00
     90.801     90.117    12.7232   4.141854     2.8136     0.0148  0.000e+00
     90.801     90.117    12.7228   4.141879     2.8211     0.0026  0.000e+00
     90.185     89.506    12.7224   4.141841     2.8118    -0.0096  0.000e+00
     90.185     89.506    12.7224   4.141854     2.8211     0.0148  0.000e+00
     90.185     89.506    12.7224   4.141854     2.8184     0.0026  0.000e+00
     90.185     89.506    12.7218   4.141841     2.8110     0.0026  0.000e+00
     90.185     89.506    12.7222   4.141841     2.8199     0.0026  0.000e+00
     89.569     88.895    12.7224   4.141810     2.8165     0.0270  0.000e+00
     89.569     88.895    12.7230   4.141853     2.8152     0.0148  0.000e+00
     89.569     88.895    12.7226   4.141798     2.8237     0.0392  0.000e+00
     89.569     88.895    12.7226   4.141798     2.8222     0.0148  0.000e+00
     89.569     88.895    12.7228   4.141810     2.8162     0.0514  0.000e+00
     89.569     88.895    12.7224   4.141773     2.8202     0.0392  0.000e+00
     89.569     88.895    12.7218   4.141798     2.8093     0.0270  0.000e+00
     88.953     88.284    12.7226   4.141841     2.8118     0.0392  0.000e+00
     88.953     88.284    12.7228   4.141810     2.8046     0.0514  0.000e+00
     88.953     88.284    12.7232   4.141773     2.7995     0.0759  0.000e+00
     88.953     88.284    12.7226   4.141841     2.7977     0.0881  0.000e+00
     88.953     88.284    12.7222   4.141798     2.8028     0.0759  0.000e+00
     88.953     88.284    12.7230   4.141853     2.7916     0.0759  0.000e+00
     88.337     87.673    12.7233   4.141853     2.7958     0.0881  0.000e+00
     88.953     88.284    12.7232   4.141915     2.8007     0.0759  0.000e+00
     88.337     87.673    12.7232   4.141878     2.7905     0.0759  0.000e+00
     88.337     87.673    12.7233   4.141853     2.8009     0.0881  0.000e+00
     88.337     87.673    12.7239   4.141853     2.8080     0.1003  0.000e+00
     88.337     87.673    12.7237   4.141841     2.8018     0.1247  0.000e+00
     88.337     87.673    12.7228   4.141841     2.8095     0.1247  0.000e+00
     88.337     87.673    12.7239   4.141853     2.8075     0.1125  0.000e+00
     88.337     87.673    12.7239   4.141890     2.8027     0.1247  0.000e+00
     87.722     87.062    12.7235   4.141877     2.8082     0.1247  0.000e+00
     87.722     87.062    12.7241   4.141840     2.8025     0.1003  0.000e+00
     87.722     87.062    12.7237   4.141853     2.8120     0.1247  0.000e+00
     87.722     87.062    12.7241   4.141890     2.8080     0.1125  0.000e+00
     87.722     87.062    12.7241   4.141877     2.8074     0.0759  0.000e+00
     87.722     87.062    12.7237   4.141877     2.8118     0.1003  0.000e+00
     87.106     86.451    12.7243   4.141889     2.8139     0.0759  0.000e+00
     87.106     86.451    12.7247   4.141889     2.8081     0.0759  0.000e+00
     87.106     86.451    12.7245   4.141914     2.8170     0.0881  0.000e+00
     87.106     86.451    12.7241   4.141877     2.8154     0.0637  0.000e+00
     85.874     85.229    12.7241   4.141809     2.8184     0.1003  0.000e+00
     87.106     86.451    12.7245   4.141852     2.8265     0.0881  0.000e+00
     87.106     86.451    12.7243   4.141797     2.8271     0.0881  0.000e+00
     86.490     85.840    12.7243   4.141840     2.8178     0.1003  0.000e+00
     87.106     86.451    12.7267   4.141970     2.8222     0.1003  0.000e+00
     86.490     85.840    12.7281   4.142087     2.8114     0.0881  0.000e+00
     86.490     85.840    12.7283   4.142192     2.8062     0.1003  0.000e+00
     86.490     85.840    12.7293   4.142272     2.8076     0.0881  0.000e+00
     86.490     85.840    12.7294   4.142278     2.7941     0.0881  0.000e+00
     85.874     85.229    12.7312   4.142358     2.7956     0.1003  0.000e+00
     85.874     85.229    12.7305   4.142463     2.7828     0.1003  0.000e+00
     85.874     85.229    12.7313   4.142395     2.7726     0.1125  0.000e+00
     85.874     85.229    12.7337   4.142593     2.7779     0.1369  0.000e+00
     85.258     84.618    12.7337   4.142704     2.7718     0.1125  0.000e+00
     85.874     85.229    12.7341   4.142704     2.7638     0.1125  0.000e+00
     85.258     84.618    12.7348   4.142747     2.7727     0.1247  0.000e+00
     85.258     84.618    12.7363   4.142895     2.7689     0.1125  0.000e+00
     85.258     84.618    12.7379   4.143019     2.7710     0.1369  0.000e+00
     84.643     84.007    12.7379   4.143099     2.7805     0.1247  0.000e+00
     84.643     84.007    12.7385   4.143173     2.7810     0.0514  0.000e+00
     84.643     84.007    12.7389   4.143216     2.7826     0.0759  0.000e+00
     84.643     84.007    12.7396   4.143259     2.7913     0.0637  0.000e+00
     84.643     84.007    12.7404   4.143408     2.7889     0.0514  0.000e+00
     84.643     84.007    12.7413   4.143451     2.7953     0.0637  0.000e+00
     84.027     83.396    12.7416   4.143494     2.8047     0.0514  0.000e+00
