tests/test4_preprocessing/c004.cnv
* Sea-Bird SBE25 Data File:
* FileName = C:\Users\CAU\Desktop\DEMERSALES 0920\c004.hex
* Software Version 1.59
* Temperature SN = 4959
* Conductivity SN = 3516
* System UpLoad Time = Sep 18 2020 09:57:41
** Ship: B/O: Miguel Oliver
** Cruise: DEMERSALES 0920
** Station:c004
** Date:18/09/20
** Time (GMT/local):09:44
** Latitude:42 10.407 N
** Longitude:009 02.253 W
** Depth (m):125
** Operador:Chapela
# nquan = 7
# nvalues = 3961                                  
# units = specified
# name 0 = prSM: Pressure, Strain Gauge [db]
# name 1 = depSM: Depth [salt water, m], lat = 36.00
# name 2 = t090C: Temperature [ITS-90, deg C]
# name 3 = c0S/m: Conductivity [S/m]
# name 4 = sbeox0ML/L: Oxygen, SBE 43 [ml/l]
# name 5 = flECO-AFL: Fluorescence, WET Labs ECO-AFL/FL [mg/m^3]
# name 6 = flag:  0.000e+00
# span 0 =     -1.597,    117.277                 
# span 1 =     -1.585,    116.387                 
# span 2 =    12.7130,    20.8455                 
# span 3 =   0.003411,   4.644968                 
# span 4 =     2.4717,     6.3744                 
# span 5 =    -0.3271,     3.9464                 
# span 6 = 0.0000e+00, 0.0000e+00                 
# interval = seconds: 0.125
# start_time = Sep 18 2020 09:44:34 [Instrument's time stamp, header]
# bad_flag = -9.990e-29
*END*
[from data line 616]
      0.251      0.250    17.0608   4.556885     3.3970     0.6986  0.000e+00
      0.251      0.250    17.0545   4.557008     3.3945     0.6742  0.000e+00
      0.251      0.250    17.0448   4.556545     3.3948     0.6864  0.000e+00
      0.251      0.250    17.0433   4.555948     3.4018     0.6986  0.000e+00
      0.251      0.250    17.0422   4.555575     3.3956     0.6986  0.000e+00
      0.251      0.250    17.0407   4.555364     3.4034     0.7108  0.000e+00
      0.251      0.250    17.0302   4.555357     3.4110     0.7108  0.000e+00
      0.251      0.250    17.0221   4.554683     3.4105     0.6864  0.000e+00
      0.251      0.250    17.0201   4.553964     3.4130     0.7108  0.000e+00
      0.251      0.250    17.0147   4.553585     3.4200     0.6986  0.000e+00
      0.251      0.250    17.0145   4.553058     3.4173     0.6986  0.000e+00
      0.251      0.250    17.0182   4.552930     3.4132     0.6986  0.000e+00
      0.251      0.250    17.0237   4.553103     3.4176     0.6742  0.000e+00
      0.251      0.250    17.0212   4.553418     3.4170     0.6864  0.000e+00
      0.251      0.250    17.0234   4.553713     3.4226     0.6986  0.000e+00
      0.251      0.250    17.0347   4.553418     3.4235     0.6864  0.000e+00
      0.251      0.250    17.0431   4.554291     3.4230     0.7108  0.000e+00
      0.251      0.250    17.0438   4.555055     3.4239     0.6986  0.000e+00
      0.251      0.250    17.0539   4.555280     3.4189     0.6864  0.000e+00
      0.251      0.250    17.0541   4.555742     3.4215     0.6986  0.000e+00
      0.251      0.250    17.0492   4.555736     3.4265     0.7108  0.000e+00
      0.251      0.250    17.0386   4.556038     3.4218     0.6986  0.000e+00
      0.251      0.250    17.0391   4.555486     3.4259     0.7108  0.000e+00
      0.251      0.250    17.0315   4.555312     3.4365     0.6986  0.000e+00
      0.251      0.250    17.0190   4.554471     3.4314     0.6986  0.000e+00
      0.868      0.861    17.0158   4.553585     3.4403     0.7108  0.000e+00
      0.868      0.861    17.0129   4.553123     3.4392     0.6864  0.000e+00
      0.868      0.861    17.0175   4.552930     3.4351     0.6986  0.000e+00
      0.251      0.250    17.0132   4.553020     3.4286     0.6864  0.000e+00
      0.868      0.861    17.0137   4.552808     3.4348     0.6497  0.000e+00
      0.868      0.861    17.0143   4.552680     3.4300     0.6619  0.000e+00
      0.868      0.861    17.0096   4.552744     3.4294     0.6619  0.000e+00
      0.868      0.861    17.0200   4.552275     3.4155     0.6497  0.000e+00
      0.251      0.250    17.0219   4.552866     3.4153     0.6619  0.000e+00
      0.868      0.861    17.0161   4.553161     3.4132     0.6497  0.000e+00
      0.868      0.861    17.0243   4.552866     3.4049     0.6375  0.000e+00
      0.251      0.250    17.0234   4.553315     3.4053     0.6619  0.000e+00
      0.868      0.861    17.0190   4.553444     3.4047     0.6864  0.000e+00
      0.868      0.861    17.0148   4.553142     3.3947     0.6864  0.000e+00
      0.868      0.861    17.0186   4.552699     3.3920     0.6986  0.000e+00
      0.868      0.861    17.0194   4.552911     3.3923     0.6864  0.000e+00
      0.868      0.861    17.0052   4.552995     3.3877     0.6864  0.000e+00
      0.868      0.861    17.0042   4.552320     3.3928     0.6986  0.000e+00
      0.868      0.861    17.0082   4.551601     3.3859     0.6742  0.000e+00
      0.251      0.250    17.0054   4.552108     3.3847     0.7108  0.000e+00
      0.868      0.861    17.0042   4.552083     3.3795     0.6986  0.000e+00
      0.868      0.861    17.0099   4.551999     3.3801     0.6864  0.000e+00
      0.868      0.861    17.0107   4.552166     3.3765     0.6986  0.000e+00
      0.251      0.250    17.0118   4.552211     3.3810     0.6986  0.000e+00
      0.868      0.861    17.0069   4.552083     3.3723     0.6864  0.000e+00
      0.251      0.250    17.0061   4.552294     3.3793     0.6986  0.000e+00
      0.251      0.250    17.0071   4.552083     3.3768     0.6742  0.000e+00
      0.251      0.250    17.0096   4.552108     3.3770     0.6864  0.000e+00
      0.251      0.250    17.0111   4.552108     3.3874     0.6986  0.000e+00
      0.251      0.250    17.0120   4.552153     3.3921     0.6619  0.000e+00
      0.251      0.250    17.0120   4.552320     3.3908     0.6619  0.000e+00
      0.251      0.250    17.0173   4.552320     3.4011     0.6742  0.000e+00
      0.251      0.250    17.0194   4.552615     3.4013     0.6619  0.000e+00
      0.251      0.250    17.0118   4.552866     3.4042     0.6742  0.000e+00
      0.251      0.250    17.0096   4.552680     3.4166     0.6619  0.000e+00
      0.251      0.250    17.0075   4.552339     3.4162     0.6619  0.000e+00
      0.251      0.250    17.0075   4.552166     3.4269     0.6742  0.000e+00
      0.251      0.250    17.0097   4.551999     3.4256     0.6742  0.000e+00
      0.251      0.250    17.0101   4.552038     3.4270     0.6742  0.000e+00
      0.251      0.250    17.0086   4.552256     3.4311     0.6986  0.000e+00
      0.251      0.250    17.0050   4.552108     3.4328     0.6742  0.000e+00
      0.251      0.250    17.0096   4.551813     3.4270     0.6742  0.000e+00
      0.251      0.250    17.0112   4.551941     3.4302     0.6864  0.000e+00
      0.251      0.250    16.9940   4.552153     3.4255     0.6742  0.000e+00
      0.251      0.250    16.9577   4.551390     3.4203     0.6864  0.000e+00
      0.251      0.250    16.9355   4.549618     3.4239     0.6864  0.000e+00
      0.251      0.250    16.9507   4.547160     3.4180     0.7108  0.000e+00
      0.251      0.250    16.9696   4.546608     3.4092     0.7352  0.000e+00
      0.868      0.861    16.9853   4.547801     3.4059     0.7230  0.000e+00
      0.251      0.250    16.9935   4.549110     3.3971     0.7108  0.000e+00
      0.868      0.861    16.9935   4.549958     3.3886     0.7108  0.000e+00
      0.251      0.250    16.9908   4.550215     3.3896     0.7108  0.000e+00
      0.251      0.250    16.9811   4.550176     3.3833     0.7108  0.000e+00
      0.251      0.250    16.9628   4.549624     3.3876     0.7230  0.000e+00
      0.868      0.861    16.9631   4.548309     3.3750     0.7108  0.000e+00
      0.251      0.250    16.9656   4.547763     3.3759     0.7230  0.000e+00
      0.251      0.250    16.9588   4.547628     3.3847     0.7352  0.000e+00
      0.868      0.861    16.9520   4.547333     3.3838     0.7230  0.000e+00
      0.868      0.861    16.9414   4.546916     3.3771     0.7230  0.000e+00
      0.868      0.861    16.9242   4.546230     3.3833     0.7352  0.000e+00
      0.868      0.861    16.9136   4.544619     3.3815     0.7230  0.000e+00
      0.868      0.861    16.9278   4.543599     3.3811     0.7352  0.000e+00
      0.868      0.861    16.9354   4.543753     3.3869     0.7352  0.000e+00
      0.868      0.861    16.9308   4.544786     3.3811     0.7352  0.000e+00
      0.868      0.861    16.9416   4.544722     3.3806     0.7474  0.000e+00
      0.868      0.861    16.9425   4.544959     3.3853     0.7352  0.000e+00
      0.868      0.861    16.9495   4.545357     3.3776     0.7230  0.000e+00
      0.868      0.861    16.9567   4.545934     3.3797     0.7474  0.000e+00
      0.868      0.861    16.9581   4.546480     3.3806     0.7230  0.000e+00
      0.868      0.861    16.9418   4.546583     3.3735     0.7352  0.000e+00
      0.868      0.861    16.9304   4.545973     3.3785     0.7596  0.000e+00
      0.868      0.861    16.9312   4.544979     3.3685     0.7230  0.000e+00
      0.868      0.861    16.9660   4.544445     3.3647     0.7230  0.000e+00
      0.868      0.861    16.9473   4.546371     3.3704     0.7352  0.000e+00
      0.868      0.861    16.9403   4.546583     3.3681     0.7108  0.000e+00
      0.868      0.861    16.9298   4.545723     3.3636     0.7352  0.000e+00
      0.868      0.861    16.9561   4.544426     3.3664     0.7352  0.000e+00
      0.251      0.250    16.9739   4.545722     3.3569     0.7230  0.000e+00
      0.868      0.861    16.9828   4.547128     3.3554     0.7352  0.000e+00
      0.251      0.250    16.9953   4.548263     3.3594     0.7230  0.000e+00
      0.251      0.250    17.0052   4.549322     3.3508     0.6986  0.000e+00
      0.251      0.250    17.0042   4.550214     3.3581     0.7108  0.000e+00
      0.251      0.250    17.0063   4.550683     3.3566     0.6864  0.000e+00
      0.251      0.250    17.0027   4.550940     3.3529     0.6986  0.000e+00
      0.251      0.250    17.0054   4.550940     3.3621     0.7108  0.000e+00
      0.251      0.250    17.0088   4.551107     3.3615     0.6986  0.000e+00
      0.251      0.250    17.0090   4.551363     3.3582     0.7108  0.000e+00
      0.251      0.250    17.0129   4.551704     3.3679     0.7108  0.000e+00
      0.251      0.250    17.0152   4.551871     3.3611     0.6864  0.000e+00
      0.251      0.250    17.0118   4.552082     3.3654     0.7230  0.000e+00
      0.251      0.250    17.0050   4.551954     3.3767     0.7108  0.000e+00
      0.251      0.250    17.0122   4.551575     3.3758     0.7108  0.000e+00
      0.251      0.250    17.0149   4.551742     3.3813     0.7230  0.000e+00
      0.251      0.250    17.0120   4.552038     3.3849     0.7108  0.000e+00
      0.251      0.250    17.0129   4.552025     3.3819     0.7108  0.000e+00
      0.251      0.250    17.0353   4.552063     3.3891     0.7352  0.000e+00
      0.251      0.250    17.0387   4.553206     3.3875     0.7108  0.000e+00
      0.251      0.250    17.0308   4.553880     3.3829     0.7352  0.000e+00
      0.251      0.250    17.0317   4.553925     3.3958     0.7474  0.000e+00
      0.868      0.861    17.0334   4.553784     3.3938     0.7230  0.000e+00
      0.251      0.250    17.0323   4.553867     3.3929     0.7474  0.000e+00
      0.251      0.250    17.0278   4.553880     3.3985     0.7474  0.000e+00
      0.868      0.861    17.0302   4.553758     3.3910     0.7352  0.000e+00
      0.251      0.250    17.0342   4.553880     3.3876     0.7596  0.000e+00
      0.251      0.250    17.0350   4.553867     3.3908     0.7474  0.000e+00
      0.868      0.861    17.0302   4.554163     3.3845     0.7230  0.000e+00
      0.251      0.250    17.0309   4.553758     3.3815     0.7963  0.000e+00
      0.251      0.250    17.0332   4.553880     3.3849     0.7840  0.000e+00
      0.251      0.250    17.0298   4.553925     3.3799     0.7840  0.000e+00
      0.251      0.250    17.0306   4.553951     3.3790     0.7963  0.000e+00
      0.251      0.250    17.0300   4.553739     3.3781     0.7840  0.000e+00
      0.868      0.861    17.0336   4.553630     3.3719     0.7963  0.000e+00
      0.251      0.250    17.0469   4.554053     3.3743     0.7963  0.000e+00
      0.251      0.250    17.0439   4.554471     3.3652     0.7718  0.000e+00
      0.251      0.250    17.0389   4.555312     3.3656     0.7352  0.000e+00
     -0.365     -0.362    17.0469   4.554939     3.3742     0.7474  0.000e+00
      0.251      0.250    17.0444   4.555023     3.3639     0.7352  0.000e+00
      0.251      0.250    17.0456   4.555139     3.3670     0.7474  0.000e+00
      0.251      0.250    17.0422   4.555139     3.3688     0.7474  0.000e+00
      0.251      0.250    17.0417   4.555107     3.3643     0.7352  0.000e+00
      0.251      0.250    17.0397   4.555023     3.3674     0.7474  0.000e+00
      0.251      0.250    17.0402   4.554843     3.3727     0.7352  0.000e+00
      0.251      0.250    17.0425   4.554856     3.3655     0.7230  0.000e+00
      0.251      0.250    17.0437   4.554940     3.3731     0.6986  0.000e+00
      0.251      0.250    17.0409   4.555055     3.3758     0.6864  0.000e+00
      0.868      0.861    17.0450   4.554927     3.3733     0.6864  0.000e+00
      0.868      0.861    17.0435   4.554940     3.3783     0.6986  0.000e+00
      0.868      0.861    17.0587   4.555235     3.3750     0.6864  0.000e+00
      0.868      0.861    17.0666   4.556160     3.3740     0.7108  0.000e+00
      0.868      0.861    17.0654   4.556802     3.3789     0.6986  0.000e+00
      0.251      0.250    17.0675   4.557142     3.3738     0.6864  0.000e+00
      0.868      0.861    17.0664   4.557181     3.3736     0.6864  0.000e+00
      0.868      0.861    17.0670   4.557310     3.3795     0.6864  0.000e+00
      0.868      0.861    17.0662   4.557310     3.3707     0.6742  0.000e+00
      0.868      0.861    17.0654   4.557265     3.3693     0.6864  0.000e+00
      0.868      0.861    17.0677   4.557310     3.3678     0.6742  0.000e+00
      0.868      0.861    17.0685   4.557393     3.3654     0.6742  0.000e+00
      0.868      0.861    17.0672   4.557483     3.3684     0.6864  0.000e+00
      0.868      0.861    17.0654   4.557477     3.3696     0.6742  0.000e+00
      0.868      0.861    17.0615   4.557355     3.3644     0.6619  0.000e+00
      0.868      0.861    17.0701   4.557220     3.3642     0.6742  0.000e+00
      0.868      0.861    17.0729   4.557438     3.3602     0.6497  0.000e+00
      0.868      0.861    17.0737   4.557689     3.3545     0.6742  0.000e+00
      0.868      0.861    17.0768   4.557733     3.3617     0.6864  0.000e+00
      0.868      0.861    17.0742   4.557939     3.3538     0.6619  0.000e+00
      0.868      0.861    17.0719   4.557907     3.3524     0.6742  0.000e+00
      0.868      0.861    17.0721   4.557901     3.3567     0.6619  0.000e+00
      0.868      0.861    17.0719   4.557946     3.3530     0.6619  0.000e+00
      0.251      0.250    17.0717   4.557855     3.3566     0.6864  0.000e+00
      0.251      0.250    17.0710   4.557862     3.3589     0.6619  0.000e+00
      0.251      0.250    17.0704   4.557817     3.3509     0.6619  0.000e+00
      0.251      0.250    17.0719   4.557862     3.3577     0.6864  0.000e+00
      0.251      0.250    17.0719   4.557817     3.3585     0.6619  0.000e+00
      0.251      0.250    17.0719   4.557817     3.3552     0.6619  0.000e+00
      0.251      0.250    17.0729   4.557817     3.3648     0.6742  0.000e+00
      0.251      0.250    17.0725   4.557907     3.3643     0.6619  0.000e+00
      0.251      0.250    17.0729   4.557984     3.3700     0.6497  0.000e+00
      0.251      0.250    17.0729   4.557907     3.3810     0.6864  0.000e+00
      0.251      0.250    17.0714   4.557984     3.3760     0.6742  0.000e+00
      0.251      0.250    17.0729   4.557945     3.3758     0.6986  0.000e+00
      0.251      0.250    17.0723   4.557984     3.3820     0.6864  0.000e+00
      0.251      0.250    17.0712   4.557907     3.3826     0.6742  0.000e+00
      0.251      0.250    17.0716   4.557939     3.3869     0.6864  0.000e+00
      0.251      0.250    17.0704   4.557862     3.3888     0.6742  0.000e+00
      0.251      0.250    17.0711   4.557855     3.3807     0.6742  0.000e+00
      0.868      0.861    17.0711   4.557817     3.3884     0.7108  0.000e+00
     -0.365     -0.362    17.0698   4.557855     3.3887     0.6986  0.000e+00
      0.251      0.250    17.0723   4.557862     3.3827     0.7108  0.000e+00
      0.251      0.250    17.0727   4.557855     3.3856     0.7108  0.000e+00
      0.251      0.250    17.0693   4.557862     3.3769     0.6864  0.000e+00
      0.251      0.250    17.0695   4.557817     3.3771     0.7108  0.000e+00
      0.251      0.250    17.0689   4.557695     3.3846     0.7108  0.000e+00
      0.251      0.250    17.0693   4.557727     3.3800     0.6986  0.000e+00
      0.251      0.250    17.0691   4.557778     3.3793     0.6864  0.000e+00
      0.251      0.250    17.0675   4.557688     3.3809     0.6986  0.000e+00
      0.251      0.250    17.0668   4.557688     3.3717     0.6864  0.000e+00
      0.251      0.250    17.0662   4.557393     3.3729     0.6986  0.000e+00
      0.868      0.861    17.0666   4.557393     3.3722     0.6742  0.000e+00
      0.251      0.250    17.0666   4.557431     3.3668     0.6864  0.000e+00
