tests/test4_preprocessing/c004.cnv
* Sea-Bird SBE25 Data File:
* FileName = C:\Users\CAU\Desktop\DEMERSALES 0920\c004.hex
* Software Version 1.59
* Temperature SN = 4959
* Conductivity SN = 3516
* System UpLoad Time = Sep 18 2020 09:57:41
** Ship: B/O: Miguel Oliver
** Cruise: DEMERSALES 0920
** Station:c004
** Date:18/09/20
** Time (GMT/local):09:44
** Latitude:42 10.407 N
** Longitude:009 02.253 W
** Depth (m):125
** Operador:Chapela
# nquan = 7
# nvalues = 3961                                  
# units = specified
# name 0 = prSM: Pressure, Strain Gauge [db]
# name 1 = depSM: Depth [salt water, m], lat = 36.00
# name 2 = t090C: Temperature [ITS-90, deg C]
# name 3 = c0S/m: Conductivity [S/m]
# name 4 = sbeox0ML/L: Oxygen, SBE 43 [ml/l]
# name 5 = flECO-AFL: Fluorescence, WET Labs ECO-AFL/FL [mg/m^3]
# name 6 = flag:  0.000e+00
# span 0 =     -1.597,    117.277                 
# span 1 =     -1.585,    116.387                 
# span 2 =    12.7130,    20.8455                 
# span 3 =   0.003411,   4.644968                 
# span 4 =     2.4717,     6.3744                 
# span 5 =    -0.3271,     3.9464                 
# span 6 = 0.0000e+00, 0.0000e+00                 
# interval = seconds: 0.125
# start_time = Sep 18 2020 09:44:34 [Instrument's time stamp, header]
# bad_flag = -9.990e-29
*END*
[from data line 1026]
      0.251      0.250    16.9670   4.548649     3.4131     0.7718  0.000e+00
      0.251      0.250    16.9601   4.548309     3.4094     0.7840  0.000e+00
     -0.365     -0.362    16.9645   4.547422     3.4265     0.7596  0.000e+00
      0.251      0.250    16.9639   4.546819     3.4270     0.7840  0.000e+00
      0.251      0.250    16.9594   4.547243     3.4393     0.7840  0.000e+00
     -0.365     -0.362    16.9592   4.546960     3.4430     0.7718  0.000e+00
      0.251      0.250    16.9603   4.546787     3.4479     0.7963  0.000e+00
      0.251      0.250    16.9607   4.546736     3.4590     0.7718  0.000e+00
      0.251      0.250    16.9488   4.546749     3.4619     0.7718  0.000e+00
      0.251      0.250    16.9382   4.546441     3.4717     0.7840  0.000e+00
      0.251      0.250    16.9372   4.544959     3.4756     0.7963  0.000e+00
      0.251      0.250    16.9324   4.544766     3.4757     0.7963  0.000e+00
      0.251      0.250    16.9151   4.544363     3.4801     0.8085  0.000e+00
      0.868      0.861    16.9142   4.542836     3.4762     0.7963  0.000e+00
      0.868      0.861    16.9094   4.542663     3.4653     0.8085  0.000e+00
      0.868      0.861    16.9061   4.542162     3.4661     0.8085  0.000e+00
      0.868      0.861    16.9013   4.541867     3.4542     0.7963  0.000e+00
      0.868      0.861    16.8989   4.541438     3.4477     0.8085  0.000e+00
      0.868      0.861    16.8991   4.541059     3.4349     0.8085  0.000e+00
      0.868      0.861    16.8991   4.540976     3.4291     0.7963  0.000e+00
      0.868      0.861    16.8970   4.540931     3.4220     0.8085  0.000e+00
      0.868      0.861    16.8938   4.540764     3.4170     0.8085  0.000e+00
      0.868      0.861    16.8902   4.540553     3.4035     0.7963  0.000e+00
      0.868      0.861    16.8891   4.540174     3.4016     0.8085  0.000e+00
      0.868      0.861    16.8896   4.539873     3.3991     0.7840  0.000e+00
      0.868      0.861    16.8913   4.539918     3.3885     0.7963  0.000e+00
      0.868      0.861    16.8926   4.539963     3.3956     0.8085  0.000e+00
      0.868      0.861    16.8945   4.540084     3.3929     0.8939  0.000e+00
      0.868      0.861    16.8974   4.540174     3.3857     0.8939  0.000e+00
      0.868      0.861    16.8981   4.540469     3.3912     0.9061  0.000e+00
      0.868      0.861    16.8987   4.540552     3.3894     0.8939  0.000e+00
      0.868      0.861    16.8947   4.540553     3.3854     0.9061  0.000e+00
      0.868      0.861    16.8928   4.540386     3.3908     0.9061  0.000e+00
      0.868      0.861    16.8956   4.540174     3.3830     0.8939  0.000e+00
      0.868      0.861    16.9000   4.540257     3.3822     0.9061  0.000e+00
      0.251      0.250    16.9112   4.540552     3.3805     0.8817  0.000e+00
      0.251      0.250    16.9103   4.541232     3.3805     0.8451  0.000e+00
      0.251      0.250    16.9091   4.541527     3.3813     0.8573  0.000e+00
      0.251      0.250    16.9089   4.541566     3.3871     0.8451  0.000e+00
      0.251      0.250    16.9114   4.541521     3.3837     0.8451  0.000e+00
      0.251      0.250    16.9129   4.541694     3.3936     0.8573  0.000e+00
      0.251      0.250    16.9147   4.541905     3.3976     0.8451  0.000e+00
     -0.365     -0.362    16.9155   4.541944     3.3994     0.8573  0.000e+00
     -0.365     -0.362    16.9384   4.542072     3.4154     0.8573  0.000e+00
      0.251      0.250    16.9526   4.543047     3.4215     0.7596  0.000e+00
     -0.365     -0.362    16.9760   4.544554     3.4238     0.7718  0.000e+00
      0.251      0.250    16.9927   4.546055     3.4362     0.7718  0.000e+00
      0.868      0.861    17.0019   4.547718     3.4368     0.7596  0.000e+00
      0.251      0.250    17.0124   4.548686     3.4425     0.7718  0.000e+00
      0.251      0.250    17.0175   4.550079     3.4502     0.7596  0.000e+00
      0.251      0.250    17.0164   4.550599     3.4478     0.7474  0.000e+00
      0.251      0.250    17.0135   4.551107     3.4561     0.7840  0.000e+00
      0.868      0.861    16.9899   4.551236     3.4459     0.7474  0.000e+00
      0.251      0.250    16.9497   4.550344     3.4448     0.7352  0.000e+00
      0.251      0.250    16.9395   4.547500     3.4502     0.7474  0.000e+00
      0.868      0.861    16.9499   4.545524     3.4444     0.7352  0.000e+00
      0.868      0.861    16.9571   4.545633     3.4350     0.7474  0.000e+00
      0.251      0.250    16.9582   4.546114     3.4386     0.7474  0.000e+00
      0.868      0.861    16.9536   4.546287     3.4278     0.7352  0.000e+00
      0.868      0.861    16.9162   4.546102     3.4242     0.7596  0.000e+00
      0.868      0.861    16.9021   4.543927     3.4270     0.7474  0.000e+00
      0.251      0.250    16.9002   4.542079     3.4170     0.7596  0.000e+00
      0.868      0.861    16.9009   4.541906     3.4134     0.7840  0.000e+00
      0.868      0.861    16.9019   4.542239     3.4160     0.7718  0.000e+00
      0.251      0.250    16.9102   4.541989     3.4055     0.7596  0.000e+00
      0.868      0.861    16.8976   4.541739     3.4085     0.7718  0.000e+00
      0.868      0.861    16.8944   4.541232     3.4092     0.7596  0.000e+00
      0.251      0.250    16.8977   4.541059     3.4042     0.7596  0.000e+00
      0.251      0.250    16.8966   4.540976     3.4098     0.7718  0.000e+00
      0.868      0.861    16.9225   4.541187     3.3996     0.7474  0.000e+00
      0.251      0.250    16.9407   4.542245     3.3958     0.8085  0.000e+00
      0.251      0.250    16.9435   4.543714     3.4000     0.8085  0.000e+00
      0.251      0.250    16.9442   4.544150     3.3965     0.7963  0.000e+00
      0.251      0.250    16.9251   4.544722     3.3964     0.8207  0.000e+00
      0.251      0.250    16.9265   4.543811     3.4026     0.8085  0.000e+00
      0.251      0.250    16.9397   4.543374     3.3989     0.7963  0.000e+00
      0.251      0.250    16.9575   4.544234     3.3982     0.8085  0.000e+00
      0.251      0.250    16.9544   4.545209     3.4044     0.7963  0.000e+00
      0.251      0.250    16.9539   4.545632     3.4012     0.9061  0.000e+00
      0.251      0.250    16.9548   4.545652     3.4056     0.9184  0.000e+00
      0.251      0.250    16.9463   4.545761     3.4087     0.8939  0.000e+00
      0.251      0.250    16.9333   4.545864     3.4099     0.9061  0.000e+00
      0.251      0.250    16.9446   4.544997     3.4196     0.9184  0.000e+00
      0.251      0.250    16.9508   4.545016     3.4313     0.9061  0.000e+00
      0.251      0.250    16.9518   4.545170     3.4314     0.9184  0.000e+00
      0.251      0.250    16.9685   4.545401     3.4428     0.9184  0.000e+00
      0.251      0.250    16.9335   4.547173     3.4392     0.9061  0.000e+00
     -0.365     -0.362    16.9414   4.545510     3.4435     0.7596  0.000e+00
      0.251      0.250    16.9412   4.544683     3.4503     0.7596  0.000e+00
      0.251      0.250    16.9374   4.544959     3.4434     0.7474  0.000e+00
      0.251      0.250    16.9286   4.544426     3.4426     0.7596  0.000e+00
      0.251      0.250    16.9671   4.543727     3.4484     0.7474  0.000e+00
      0.251      0.250    16.9543   4.544304     3.4402     0.7474  0.000e+00
      0.251      0.250    16.9202   4.545383     3.4471     0.7596  0.000e+00
      0.251      0.250    16.9057   4.543375     3.4478     0.7474  0.000e+00
      0.868      0.861    16.8909   4.541861     3.4425     0.7352  0.000e+00
      0.868      0.861    16.8911   4.540809     3.4481     0.7474  0.000e+00
      0.868      0.861    16.8935   4.540553     3.4422     0.7230  0.000e+00
      0.868      0.861    16.8867   4.540341     3.4351     0.7474  0.000e+00
      0.868      0.861    16.9478   4.539923     3.4377     0.7474  0.000e+00
      0.868      0.861    16.9686   4.542995     3.4292     0.7352  0.000e+00
      0.868      0.861    16.9914   4.545722     3.4256     0.7474  0.000e+00
      0.868      0.861    17.0069   4.547840     3.4290     0.7474  0.000e+00
      0.868      0.861    17.0150   4.549701     3.4231     0.7230  0.000e+00
      0.868      0.861    17.0245   4.550843     3.4215     0.8085  0.000e+00
      0.868      0.861    17.0268   4.551896     3.4256     0.8085  0.000e+00
      0.868      0.861    17.0149   4.552449     3.4167     0.7963  0.000e+00
      0.868      0.861    17.0194   4.551556     3.4218     0.8085  0.000e+00
      0.868      0.861    17.0232   4.551851     3.4226     0.7963  0.000e+00
      0.868      0.861    17.0253   4.552320     3.4127     0.7963  0.000e+00
      0.868      0.861    17.0344   4.552718     3.4153     0.8085  0.000e+00
      0.868      0.861    17.0217   4.553360     3.4118     0.7963  0.000e+00
      0.868      0.861    17.0237   4.552718     3.4099     0.7596  0.000e+00
      0.868      0.861    17.0179   4.552449     3.4110     0.7718  0.000e+00
      0.251      0.250    17.0058   4.552237     3.4112     0.7596  0.000e+00
      0.868      0.861    17.0122   4.551473     3.4102     0.7718  0.000e+00
      0.868      0.861    17.0128   4.551434     3.4158     0.7718  0.000e+00
      0.868      0.861    17.0192   4.551768     3.4075     0.7596  0.000e+00
      0.868      0.861    17.0266   4.551980     3.4098     0.7840  0.000e+00
      0.251      0.250    17.0209   4.552532     3.4106     0.7596  0.000e+00
      0.251      0.250    17.0222   4.552487     3.4064     0.7474  0.000e+00
      0.251      0.250    17.0224   4.552358     3.4140     0.7230  0.000e+00
      0.251      0.250    17.0198   4.552448     3.4166     0.7108  0.000e+00
     -0.365     -0.362    17.0279   4.552210     3.4162     0.7108  0.000e+00
      0.251      0.250    17.0332   4.552679     3.4228     0.7230  0.000e+00
      0.251      0.250    17.0351   4.553142     3.4262     0.7108  0.000e+00
      0.251      0.250    17.0380   4.553546     3.4314     0.7352  0.000e+00
      0.251      0.250    17.0393   4.553758     3.4427     0.7230  0.000e+00
      0.251      0.250    17.0393   4.553880     3.4419     0.7108  0.000e+00
     -0.365     -0.362    17.0410   4.554008     3.4476     0.7718  0.000e+00
      0.251      0.250    17.0391   4.554163     3.4585     0.7718  0.000e+00
     -0.365     -0.362    17.0383   4.554175     3.4617     0.7596  0.000e+00
     -0.365     -0.362    17.0376   4.554137     3.4685     0.7718  0.000e+00
      0.251      0.250    17.0380   4.554053     3.4808     0.7596  0.000e+00
      0.251      0.250    17.0406   4.554163     3.4746     0.7596  0.000e+00
     -0.365     -0.362    17.0441   4.554162     3.4784     0.7718  0.000e+00
     -0.365     -0.362    17.0450   4.554303     3.4783     0.7596  0.000e+00
      0.251      0.250    17.0429   4.554432     3.4680     0.7474  0.000e+00
      0.251      0.250    17.0442   4.554599     3.4688     0.7230  0.000e+00
      0.251      0.250    17.0483   4.554548     3.4656     0.7108  0.000e+00
      0.251      0.250    17.0482   4.554856     3.4574     0.7230  0.000e+00
      0.251      0.250    17.0476   4.554940     3.4569     0.7230  0.000e+00
      0.251      0.250    17.0497   4.554888     3.4483     0.7108  0.000e+00
      0.251      0.250    17.0054   4.555101     3.4457     0.7230  0.000e+00
      0.251      0.250    16.9770   4.554009     3.4485     0.7108  0.000e+00
      0.251      0.250    16.9908   4.550458     3.4365     0.7108  0.000e+00
      0.251      0.250    17.0124   4.550163     3.4348     0.7474  0.000e+00
      0.251      0.250    17.0027   4.551055     3.4418     0.7352  0.000e+00
      0.251      0.250    16.9356   4.551474     3.4372     0.7352  0.000e+00
      0.251      0.250    16.9304   4.547584     3.4459     0.7474  0.000e+00
      0.251      0.250    16.9200   4.545421     3.4506     0.7352  0.000e+00
      0.251      0.250    16.9312   4.544131     3.4475     0.7352  0.000e+00
      0.251      0.250    16.9369   4.544324     3.4530     0.7474  0.000e+00
      0.251      0.250    16.9314   4.544491     3.4517     0.7352  0.000e+00
      0.251      0.250    16.9233   4.544279     3.4515     0.7230  0.000e+00
      0.251      0.250    16.9208   4.543811     3.4563     0.8085  0.000e+00
      0.868      0.861    16.9278   4.542913     3.4494     0.7963  0.000e+00
      0.868      0.861    16.9180   4.543561     3.4479     0.8085  0.000e+00
      0.868      0.861    16.9140   4.542958     3.4475     0.8085  0.000e+00
      0.868      0.861    16.9179   4.542534     3.4415     0.7963  0.000e+00
      0.868      0.861    16.9081   4.542457     3.4477     0.8085  0.000e+00
      0.868      0.861    16.9251   4.542239     3.4432     0.7840  0.000e+00
      0.868      0.861    16.9424   4.543246     3.4351     0.7963  0.000e+00
      0.868      0.861    16.9647   4.544324     3.4353     0.8451  0.000e+00
      0.868      0.861    16.9617   4.546030     3.4317     0.8207  0.000e+00
      0.868      0.861    16.9588   4.546441     3.4253     0.8207  0.000e+00
      0.868      0.861    16.9514   4.546570     3.4292     0.8451  0.000e+00
      0.868      0.861    16.9635   4.545607     3.4254     0.8207  0.000e+00
      0.868      0.861    16.9705   4.546313     3.4198     0.8329  0.000e+00
      0.868      0.861    16.9762   4.547294     3.4232     0.8329  0.000e+00
      0.868      0.861    16.9701   4.547590     3.4194     0.8207  0.000e+00
      0.868      0.861    16.9685   4.547417     3.4192     0.8085  0.000e+00
      0.868      0.861    16.9734   4.547372     3.4244     0.8817  0.000e+00
      0.868      0.861    16.9775   4.547718     3.4205     0.8695  0.000e+00
      0.868      0.861    16.9851   4.548180     3.4157     0.8817  0.000e+00
      0.868      0.861    16.9775   4.548430     3.4196     0.8695  0.000e+00
      0.868      0.861    16.9721   4.548559     3.4152     0.8695  0.000e+00
      0.868      0.861    16.9698   4.548058     3.4210     0.8817  0.000e+00
      0.868      0.861    16.9688   4.547551     3.4187     0.8695  0.000e+00
      0.868      0.861    16.9665   4.547673     3.4188     0.8817  0.000e+00
      0.868      0.861    16.9688   4.547417     3.4245     0.8451  0.000e+00
      0.868      0.861    16.9701   4.547423     3.4221     0.8329  0.000e+00
      0.868      0.861    16.9770   4.547583     3.4217     0.8573  0.000e+00
      0.251      0.250    16.9772   4.547923     3.4270     0.8451  0.000e+00
      0.251      0.250    16.9756   4.548141     3.4287     0.8329  0.000e+00
      0.251      0.250    16.9764   4.548141     3.4333     0.8451  0.000e+00
      0.251      0.250    16.9700   4.548135     3.4363     0.8329  0.000e+00
      0.251      0.250    16.9649   4.547840     3.4298     0.8329  0.000e+00
     -0.365     -0.362    16.9607   4.547423     3.4376     0.8207  0.000e+00
      0.251      0.250    16.9505   4.546961     3.4370     0.8695  0.000e+00
      0.868      0.861    16.9435   4.546525     3.4424     0.8573  0.000e+00
      0.251      0.250    16.9399   4.545735     3.4511     0.8817  0.000e+00
     -0.365     -0.362    16.9393   4.545209     3.4541     0.8573  0.000e+00
      0.251      0.250    16.9399   4.545017     3.4558     0.8817  0.000e+00
      0.251      0.250    16.9435   4.544869     3.4703     0.8817  0.000e+00
     -0.365     -0.362    16.9422   4.544914     3.4693     0.8695  0.000e+00
     -0.365     -0.362    16.9404   4.544997     3.4750     0.8817  0.000e+00
     -0.365     -0.362    16.9374   4.544869     3.4864     0.8451  0.000e+00
     -0.365     -0.362    16.9380   4.544766     3.4849     0.8329  0.000e+00
     -0.365     -0.362    16.9380   4.544535     3.4896     0.8573  0.000e+00
     -0.365     -0.362    16.9410   4.544574     3.4994     0.8451  0.000e+00
     -0.365     -0.362    16.9429   4.544574     3.4975     0.8329  0.000e+00
     -0.365     -0.362    16.9391   4.544785     3.5158     0.8573  0.000e+00
      0.251      0.250    16.9503   4.544702     3.5153     0.8329  0.000e+00
