tests/test4_preprocessing/c005.cnv
* Sea-Bird SBE25 Data File:
* FileName = C:\Users\CAU\Desktop\DEMERSALES 0920\c005.hex
* Software Version 1.59
* Temperature SN = 4959
* Conductivity SN = 3516
* System UpLoad Time = Sep 18 2020 13:08:15
** Ship: B/O: Miguel Oliver
** Cruise: DEMERSALES 0920
** Station:c005
** Date:18/09/2020
** Time (GMT/local):12:56
** Latitude:42 15.457 N
** Longitude:008 59.238 W
** Depth (m):105
** Operador:Chapela
# nquan = 7
# nvalues = 3508                                  
# units = specified
# name 0 = prSM: Pressure, Strain Gauge [db]
# name 1 = depSM: Depth [salt water, m], lat = 36.00
# name 2 = t090C: Temperature [ITS-90, deg C]
# name 3 = c0S/m: Conductivity [S/m]
# name 4 = sbeox0ML/L: Oxygen, SBE 43 [ml/l]
# name 5 = flECO-AFL: Fluorescence, WET Labs ECO-AFL/FL [mg/m^3]
# name 6 = flag:  0.000e+00
# span 0 =     -1.597,     98.190                 
# span 1 =     -1.585,     97.449                 
# span 2 =    13.0183,    19.1822                 
# span 3 =  -0.000808,   4.581624                 
# span 4 =     2.4976,     6.2828                 
# span 5 =    -0.5835,    49.1601                 
# span 6 = 0.0000e+00, 0.0000e+00                 
# interval = seconds: 0.125
# start_time = Sep 18 2020 12:56:26 [Instrument's time stamp, header]
# bad_flag = -9.990e-29
*END*
[from data line 2462]
     79.100     78.507    13.0561   4.175577     2.8536     0.9550  0.000e+00
     79.100     78.507    13.0615   4.175695     2.8955     0.9428  0.000e+00
     79.100     78.507    13.0656   4.176289     2.9463     0.9672  0.000e+00
     79.100     78.507    13.0678   4.176444     3.0066     0.9550  0.000e+00
     79.100     78.507    13.0681   4.176723     3.0286     0.9428  0.000e+00
     78.484     77.896    13.0691   4.176686     3.0499     0.9550  0.000e+00
     78.484     77.896    13.0691   4.176723     3.0719     0.9428  0.000e+00
     78.484     77.896    13.0687   4.176803     3.0737     0.9428  0.000e+00
     78.484     77.896    13.0704   4.176841     3.0684     0.9550  0.000e+00
     78.484     77.896    13.0715   4.176958     3.0450     0.9306  0.000e+00
     78.484     77.896    13.0707   4.176958     3.0295     0.9672  0.000e+00
     78.484     77.896    13.0704   4.176921     3.0063     0.9916  0.000e+00
     77.869     77.285    13.0704   4.176878     2.9967     0.9916  0.000e+00
     77.869     77.285    13.0702   4.176878     2.9822     1.0160  0.000e+00
     77.869     77.285    13.0700   4.176878     2.9678     1.0160  0.000e+00
     77.869     77.285    13.0702   4.176840     2.9267     0.9916  0.000e+00
     77.869     77.285    13.0709   4.176878     2.8958     1.0160  0.000e+00
     77.253     76.674    13.0707   4.176921     2.8879     1.0038  0.000e+00
     77.253     76.674    13.0696   4.176840     2.8642     1.0038  0.000e+00
     77.253     76.674    13.0685   4.176760     2.8614     1.0160  0.000e+00
     77.253     76.674    13.0687   4.176760     2.8632     0.9306  0.000e+00
     77.253     76.674    13.0687   4.176685     2.8626     0.9306  0.000e+00
     76.637     76.063    13.0691   4.176722     2.8769     0.9428  0.000e+00
     76.637     76.063    13.0689   4.176759     2.8941     0.9306  0.000e+00
     76.637     76.063    13.0693   4.176759     2.8835     0.9306  0.000e+00
     76.021     75.452    13.0698   4.176759     2.8852     0.9428  0.000e+00
     76.021     75.452    13.0704   4.176759     2.8617     0.9306  0.000e+00
     76.021     75.452    13.0698   4.176778     2.8619     0.9428  0.000e+00
     76.021     75.452    13.0703   4.176815     2.8537     0.9672  0.000e+00
     76.021     75.452    13.0702   4.176815     2.8550     0.9794  0.000e+00
     76.021     75.452    13.0702   4.176815     2.8530     1.0038  0.000e+00
     75.405     74.841    13.0696   4.176815     2.8535     1.0038  0.000e+00
     75.405     74.841    13.0704   4.176815     2.8396     0.9794  0.000e+00
     75.405     74.841    13.0711   4.176815     2.8246     1.0038  0.000e+00
     75.405     74.841    13.0711   4.176895     2.8049     0.9794  0.000e+00
     75.405     74.841    13.0709   4.176895     2.7782     0.9916  0.000e+00
     75.405     74.841    13.0715   4.176895     2.7849     1.0038  0.000e+00
     75.405     74.841    13.0720   4.176976     2.7699     1.0282  0.000e+00
     74.789     74.229    13.0726   4.177000     2.7440     1.0405  0.000e+00
     75.405     74.841    13.0724   4.177000     2.7785     1.0527  0.000e+00
     74.789     74.229    13.0724   4.177000     2.7951     1.0282  0.000e+00
     74.789     74.229    13.0728   4.177037     2.7991     1.0527  0.000e+00
     74.789     74.229    13.0724   4.177000     2.8129     1.0527  0.000e+00
     74.789     74.229    13.0722   4.176957     2.7987     1.0282  0.000e+00
     75.405     74.841    13.0726   4.176957     2.8028     1.0405  0.000e+00
     74.789     74.229    13.0724   4.177000     2.8033     1.0527  0.000e+00
     74.789     74.229    13.0728   4.176957     2.8059     1.0649  0.000e+00
     74.173     73.618    13.0726   4.177000     2.8123     1.0893  0.000e+00
     74.173     73.618    13.0730   4.177037     2.8095     1.0649  0.000e+00
     74.173     73.618    13.0733   4.177000     2.7771     1.0771  0.000e+00
     74.173     73.618    13.0730   4.177000     2.7682     1.0893  0.000e+00
     74.173     73.618    13.0724   4.176957     2.7473     1.0649  0.000e+00
     73.558     73.007    13.0728   4.177000     2.7402     1.0893  0.000e+00
     72.942     72.396    13.0730   4.176956     2.7632     1.0893  0.000e+00
     73.558     73.007    13.0722   4.177000     2.7591     1.1259  0.000e+00
     73.558     73.007    13.0732   4.177000     2.7817     1.1503  0.000e+00
     73.558     73.007    13.0728   4.177037     2.8248     1.1503  0.000e+00
     73.558     73.007    13.0735   4.177000     2.8484     1.1259  0.000e+00
     72.942     72.396    13.0734   4.176956     2.8748     1.1503  0.000e+00
     72.942     72.396    13.0724   4.176999     2.8940     1.1259  0.000e+00
     72.942     72.396    13.0734   4.176999     2.9001     1.1381  0.000e+00
     72.942     72.396    13.0730   4.176999     2.9269     1.1503  0.000e+00
     72.326     71.785    13.0724   4.176999     2.9259     1.1259  0.000e+00
     71.710     71.174    13.0734   4.176999     2.9277     1.0160  0.000e+00
     72.326     71.785    13.0730   4.176720     2.9278     1.0282  0.000e+00
     72.326     71.785    13.0737   4.176956     2.9077     1.0038  0.000e+00
     71.710     71.174    13.0732   4.176956     2.8605     1.0160  0.000e+00
     71.710     71.174    13.0732   4.176999     2.8334     1.0282  0.000e+00
     71.710     71.174    13.0739   4.176956     2.7833     1.0038  0.000e+00
     71.710     71.174    13.0741   4.177036     2.7401     1.0282  0.000e+00
     71.710     71.174    13.0739   4.176999     2.7043     1.0160  0.000e+00
     71.094     70.563    13.0743   4.177036     2.6561     1.0649  0.000e+00
     71.094     70.563    13.0743   4.176999     2.6242     1.0771  0.000e+00
     71.094     70.563    13.0746   4.176999     2.6030     1.0649  0.000e+00
     71.094     70.563    13.0746   4.176999     2.5939     1.0527  0.000e+00
     71.094     70.563    13.0745   4.177036     2.5966     1.0771  0.000e+00
     71.094     70.563    13.0752   4.177036     2.5948     1.0527  0.000e+00
     71.094     70.563    13.0748   4.177073     2.5937     1.0649  0.000e+00
     70.478     69.951    13.0745   4.177091     2.6058     1.0771  0.000e+00
     70.478     69.951    13.0750   4.177048     2.6141     1.0527  0.000e+00
     70.478     69.951    13.0750   4.177048     2.6344     1.0160  0.000e+00
     70.478     69.951    13.0754   4.177091     2.6595     1.0282  0.000e+00
     70.478     69.951    13.0750   4.177036     2.6794     1.0038  0.000e+00
     69.862     69.340    13.0745   4.177035     2.6838     1.0282  0.000e+00
     69.862     69.340    13.0750   4.177035     2.6983     1.0282  0.000e+00
     69.862     69.340    13.0748   4.176998     2.6952     1.0038  0.000e+00
     69.862     69.340    13.0748   4.177035     2.7118     1.0282  0.000e+00
     69.862     69.340    13.0750   4.177073     2.7352     1.0038  0.000e+00
     69.862     69.340    13.0752   4.176998     2.7386     1.0527  0.000e+00
     69.862     69.340    13.0756   4.176998     2.7430     1.0771  0.000e+00
     69.247     68.729    13.0752   4.177072     2.7591     1.0527  0.000e+00
     69.247     68.729    13.0750   4.177072     2.7648     1.0527  0.000e+00
     68.631     68.118    13.0752   4.176998     2.7666     1.0771  0.000e+00
     69.247     68.729    13.0752   4.177035     2.7514     1.0527  0.000e+00
     68.631     68.118    13.0750   4.176998     2.7339     1.0771  0.000e+00
     69.247     68.729    13.0750   4.176955     2.7230     1.0771  0.000e+00
     68.631     68.118    13.0754   4.176998     2.7050     1.0527  0.000e+00
     68.631     68.118    13.0756   4.177035     2.6968     0.9794  0.000e+00
     68.631     68.118    13.0754   4.177035     2.7110     0.9794  0.000e+00
     68.631     68.118    13.0748   4.176998     2.7124     0.9550  0.000e+00
     68.631     68.118    13.0756   4.177035     2.7115     0.9794  0.000e+00
     68.631     68.118    13.0756   4.176954     2.7256     0.9550  0.000e+00
     68.015     67.507    13.0754   4.176997     2.7294     0.9672  0.000e+00
     68.015     67.507    13.0756   4.176997     2.7517     0.9794  0.000e+00
     68.015     67.507    13.0756   4.176997     2.7593     0.9550  0.000e+00
     68.015     67.507    13.0763   4.176997     2.7587     1.0282  0.000e+00
     68.015     67.507    13.0756   4.176954     2.7696     1.0527  0.000e+00
     68.015     67.507    13.0746   4.176997     2.7815     1.0282  0.000e+00
     67.399     66.896    13.0756   4.176997     2.7934     1.0405  0.000e+00
     67.399     66.896    13.0757   4.176997     2.8330     1.0527  0.000e+00
     68.015     67.507    13.0754   4.176997     2.8498     1.0282  0.000e+00
     67.399     66.896    13.0757   4.176954     2.8753     1.0527  0.000e+00
     67.399     66.896    13.0759   4.176997     2.9019     1.0405  0.000e+00
     67.399     66.896    13.0765   4.176954     2.9027     1.0282  0.000e+00
     67.399     66.896    13.0757   4.177034     2.8931     1.0038  0.000e+00
     66.783     66.284    13.0757   4.177034     2.8877     0.9916  0.000e+00
     66.783     66.284    13.0765   4.176997     2.8683     0.9794  0.000e+00
     66.167     65.673    13.0761   4.177034     2.8614     1.0038  0.000e+00
     66.783     66.284    13.0756   4.176997     2.8440     0.9794  0.000e+00
     66.167     65.673    13.0759   4.176997     2.8183     0.9916  0.000e+00
     66.167     65.673    13.0763   4.176953     2.8035     1.0038  0.000e+00
     66.167     65.673    13.0767   4.176997     2.7758     0.9916  0.000e+00
     66.167     65.673    13.0761   4.177034     2.7602     1.1015  0.000e+00
     66.167     65.673    13.0759   4.176997     2.7570     1.1137  0.000e+00
     66.167     65.673    13.0768   4.176997     2.7234     1.0893  0.000e+00
     65.551     65.062    13.0767   4.176996     2.6888     1.1137  0.000e+00
     65.551     65.062    13.0763   4.176996     2.6748     1.1015  0.000e+00
     65.551     65.062    13.0767   4.177034     2.6447     1.0893  0.000e+00
     65.551     65.062    13.0767   4.177034     2.6370     1.1137  0.000e+00
     65.551     65.062    13.0774   4.177009     2.6486     1.0893  0.000e+00
     65.551     65.062    13.0770   4.177009     2.6457     1.0893  0.000e+00
     64.935     64.451    13.0768   4.177009     2.6403     1.0771  0.000e+00
     64.935     64.451    13.0772   4.176971     2.6295     1.0527  0.000e+00
     64.935     64.451    13.0774   4.177033     2.6138     1.0527  0.000e+00
     64.935     64.451    13.0772   4.177071     2.6188     1.0771  0.000e+00
     64.935     64.451    13.0774   4.177033     2.6116     1.0527  0.000e+00
     64.935     64.451    13.0776   4.176996     2.6105     1.0771  0.000e+00
     64.935     64.451    13.0779   4.177033     2.6211     1.0771  0.000e+00
     64.935     64.451    13.0774   4.177033     2.6230     1.0527  0.000e+00
     64.319     63.840    13.0774   4.176996     2.6434     1.0649  0.000e+00
     64.319     63.840    13.0777   4.177033     2.6799     1.0649  0.000e+00
     63.704     63.228    13.0776   4.177033     2.6981     1.0527  0.000e+00
     64.319     63.840    13.0772   4.177070     2.7084     1.0649  0.000e+00
     63.704     63.228    13.0777   4.177070     2.7274     1.0527  0.000e+00
     63.704     63.228    13.0777   4.177033     2.7375     1.0527  0.000e+00
     63.704     63.228    13.0781   4.176952     2.7525     1.0649  0.000e+00
     63.704     63.228    13.0777   4.176952     2.7767     1.0405  0.000e+00
     63.704     63.228    13.0779   4.177033     2.7955     1.0405  0.000e+00
     63.088     62.617    13.0781   4.177033     2.8116     1.0649  0.000e+00
     63.088     62.617    13.0779   4.176995     2.8234     1.0405  0.000e+00
     63.088     62.617    13.0776   4.177070     2.8250     1.0527  0.000e+00
     63.088     62.617    13.0783   4.177033     2.8450     1.0649  0.000e+00
     63.088     62.617    13.0783   4.176636     2.8452     1.0527  0.000e+00
     62.472     62.006    13.0785   4.177032     2.8369     1.0649  0.000e+00
     62.472     62.006    13.0779   4.176995     2.8420     1.0527  0.000e+00
     62.472     62.006    13.0783   4.176995     2.8370     1.0527  0.000e+00
     62.472     62.006    13.0781   4.177032     2.8288     1.0527  0.000e+00
     62.472     62.006    13.0783   4.177032     2.8327     1.0405  0.000e+00
     62.472     62.006    13.0783   4.176995     2.8168     1.0282  0.000e+00
     61.856     61.395    13.0783   4.176995     2.8031     1.0527  0.000e+00
     61.856     61.395    13.0783   4.176995     2.7835     1.0282  0.000e+00
     61.856     61.395    13.0789   4.177113     2.7746     1.0405  0.000e+00
     61.856     61.395    13.0785   4.176995     2.7581     1.0527  0.000e+00
     62.472     62.006    13.0781   4.177032     2.7332     1.0282  0.000e+00
     61.856     61.395    13.0783   4.176995     2.7103     1.0282  0.000e+00
     61.240     60.783    13.0785   4.176995     2.6964     1.0649  0.000e+00
     61.240     60.783    13.0781   4.177032     2.6756     1.0405  0.000e+00
     61.240     60.783    13.0787   4.176995     2.6726     1.0649  0.000e+00
     61.240     60.783    13.0783   4.176995     2.6752     1.0527  0.000e+00
     61.240     60.783    13.0787   4.176995     2.6662     1.0405  0.000e+00
     61.240     60.783    13.0785   4.177032     2.6548     1.0649  0.000e+00
     60.624     60.172    13.0779   4.176970     2.6553     1.0527  0.000e+00
     60.624     60.172    13.0783   4.176970     2.6488     1.0527  0.000e+00
     60.624     60.172    13.0785   4.176926     2.6794     1.0527  0.000e+00
     60.624     60.172    13.0777   4.176970     2.6879     1.0282  0.000e+00
     60.624     60.172    13.0785   4.177044     2.6969     1.0405  0.000e+00
     60.624     60.172    13.0787   4.176926     2.7251     1.0405  0.000e+00
     60.624     60.172    13.0790   4.176951     2.7321     1.0282  0.000e+00
     60.624     60.172    13.0785   4.176951     2.7493     1.0527  0.000e+00
     60.008     59.561    13.0783   4.176951     2.7714     1.0527  0.000e+00
     60.008     59.561    13.0789   4.176914     2.7577     1.0405  0.000e+00
     60.008     59.561    13.0785   4.176994     2.7532     1.0282  0.000e+00
     60.008     59.561    13.0783   4.176914     2.7425     0.9916  0.000e+00
     59.392     58.950    13.0787   4.176913     2.7211     0.9794  0.000e+00
     60.008     59.561    13.0789   4.176951     2.7044     1.0038  0.000e+00
     59.392     58.950    13.0792   4.176560     2.6969     0.9794  0.000e+00
     59.392     58.950    13.0790   4.176913     2.6830     0.9794  0.000e+00
     59.392     58.950    13.0785   4.176951     2.6851     1.0038  0.000e+00
     59.392     58.950    13.0794   4.176913     2.6869     0.9794  0.000e+00
     59.392     58.950    13.0792   4.176951     2.6884     1.0038  0.000e+00
     59.392     58.950    13.0792   4.176913     2.6968     1.1259  0.000e+00
     58.776     58.338    13.0792   4.176994     2.7098     1.1015  0.000e+00
     58.776     58.338    13.0794   4.176950     2.7158     1.1137  0.000e+00
     58.776     58.338    13.0798   4.176994     2.7471     1.1137  0.000e+00
     58.776     58.338    13.0794   4.176994     2.7677     1.1015  0.000e+00
     58.776     58.338    13.0794   4.176994     2.7954     1.1259  0.000e+00
     58.776     58.338    13.0796   4.176950     2.8283     1.1137  0.000e+00
     58.160     57.727    13.0796   4.176993     2.8597     1.1015  0.000e+00
     58.160     57.727    13.0800   4.176870     2.9110     1.1015  0.000e+00
     58.160     57.727    13.0796   4.176950     2.9460     1.0649  0.000e+00
     58.160     57.727    13.0796   4.176950     2.9518     1.0527  0.000e+00
     58.160     57.727    13.0804   4.176950     2.9708     1.0771  0.000e+00
     57.544     57.116    13.0802   4.176993     2.9689     1.0527  0.000e+00
     57.544     57.116    13.0805   4.176993     2.9443     1.0649  0.000e+00
