tests/test4_preprocessing/c005.cnv
* Sea-Bird SBE25 Data File:
* FileName = C:\Users\CAU\Desktop\DEMERSALES 0920\c005.hex
* Software Version 1.59
* Temperature SN = 4959
* Conductivity SN = 3516
* System UpLoad Time = Sep 18 2020 13:08:15
** Ship: B/O: Miguel Oliver
** Cruise: DEMERSALES 0920
** Station:c005
** Date:18/09/2020
** Time (GMT/local):12:56
** Latitude:42 15.457 N
** Longitude:008 59.238 W
** Depth (m):105
** Operador:Chapela
# nquan = 7
# nvalues = 3508                                  
# units = specified
# name 0 = prSM: Pressure, Strain Gauge [db]
# name 1 = depSM: Depth [salt water, m], lat = 36.00
# name 2 = t090C: Temperature [ITS-90, deg C]
# name 3 = c0S/m: Conductivity [S/m]
# name 4 = sbeox0ML/L: Oxygen, SBE 43 [ml/l]
# name 5 = flECO-AFL: Fluorescence, WET Labs ECO-AFL/FL [mg/m^3]
# name 6 = flag:  0.000e+00
# span 0 =     -1.597,     98.190                 
# span 1 =     -1.585,     97.449                 
# span 2 =    13.0183,    19.1822                 
# span 3 =  -0.000808,   4.581624                 
# span 4 =     2.4976,     6.2828                 
# span 5 =    -0.5835,    49.1601                 
# span 6 = 0.0000e+00, 0.0000e+00                 
# interval = seconds: 0.125
# start_time = Sep 18 2020 12:56:26 [Instrument's time stamp, header]
# bad_flag = -9.990e-29
*END*
[from data line 411]
      0.251      0.250    17.0998   4.517887     3.9089     0.3689  0.000e+00
      0.868      0.861    17.1002   4.517804     3.9149     0.3689  0.000e+00
      0.251      0.250    17.1025   4.517932     3.9059     0.3567  0.000e+00
      0.251      0.250    17.1017   4.517887     3.9035     0.3445  0.000e+00
      0.251      0.250    17.0993   4.517887     3.9062     0.3689  0.000e+00
      0.251      0.250    17.1002   4.517842     3.9000     0.3567  0.000e+00
      0.251      0.250    17.1012   4.517887     3.9020     0.3689  0.000e+00
      0.251      0.250    17.1010   4.517925     3.9030     0.3567  0.000e+00
      0.251      0.250    17.1013   4.517887     3.8987     0.3567  0.000e+00
      0.251      0.250    17.1013   4.517887     3.9071     0.3689  0.000e+00
      0.251      0.250    17.1008   4.517887     3.9067     0.3445  0.000e+00
      0.251      0.250    17.1000   4.517842     3.9018     0.3567  0.000e+00
      0.251      0.250    17.0996   4.517804     3.9074     0.3811  0.000e+00
      0.251      0.250    17.0989   4.517804     3.9088     0.3689  0.000e+00
      0.251      0.250    17.0968   4.517759     3.9036     0.3689  0.000e+00
      0.251      0.250    17.0943   4.517676     3.9120     0.3811  0.000e+00
      0.251      0.250    17.0898   4.517548     3.9015     0.3689  0.000e+00
      0.251      0.250    17.0875   4.517215     3.9045     0.3811  0.000e+00
      0.868      0.861    17.0881   4.517254     3.9141     0.3811  0.000e+00
      0.868      0.861    17.0894   4.517298     3.9103     0.3567  0.000e+00
      0.868      0.861    17.0869   4.517215     3.9097     0.3567  0.000e+00
      0.868      0.861    17.0864   4.515826     3.9143     0.3811  0.000e+00
      0.868      0.861    17.0804   4.517042     3.9142     0.3567  0.000e+00
      0.868      0.861    17.0776   4.516710     3.9191     0.3811  0.000e+00
      0.868      0.861    17.0797   4.516748     3.9160     0.3567  0.000e+00
      0.868      0.861    17.0765   4.516627     3.9107     0.3689  0.000e+00
      0.868      0.861    17.0689   4.516371     3.9151     0.3811  0.000e+00
      0.868      0.861    17.0680   4.516204     3.9201     0.3567  0.000e+00
      0.868      0.861    17.0695   4.516243     3.9161     0.3811  0.000e+00
      0.868      0.861    17.0689   4.516243     3.9204     0.4300  0.000e+00
      0.868      0.861    17.0675   4.516121     3.9214     0.4177  0.000e+00
      0.868      0.861    17.0670   4.516121     3.9168     0.4300  0.000e+00
      0.868      0.861    17.0653   4.516076     3.9258     0.4300  0.000e+00
      0.868      0.861    17.0624   4.515948     3.9206     0.4177  0.000e+00
      0.868      0.861    17.0593   4.515827     3.9150     0.4300  0.000e+00
      0.868      0.861    17.0618   4.515692     3.9186     0.4300  0.000e+00
      0.868      0.861    17.0624   4.515782     3.9135     0.4177  0.000e+00
      0.868      0.861    17.0624   4.515699     3.9199     0.4055  0.000e+00
      0.868      0.861    17.0657   4.515865     3.9206     0.4177  0.000e+00
      0.868      0.861    17.0660   4.515993     3.9170     0.4177  0.000e+00
      0.251      0.250    17.0700   4.515993     3.9255     0.4422  0.000e+00
      0.868      0.861    17.0723   4.516243     3.9228     0.4055  0.000e+00
      0.868      0.861    17.0720   4.516243     3.9216     0.4177  0.000e+00
      0.868      0.861    17.0748   4.516287     3.9294     0.4300  0.000e+00
      0.868      0.861    17.0752   4.516415     3.9317     0.4177  0.000e+00
      0.251      0.250    17.0782   4.516537     3.9278     0.4300  0.000e+00
      0.868      0.861    17.0810   4.516665     3.9326     0.4177  0.000e+00
      0.868      0.861    17.0837   4.516793     3.9295     0.3933  0.000e+00
      0.251      0.250    17.0880   4.517042     3.9233     0.4177  0.000e+00
      0.251      0.250    17.0942   4.517253     3.9310     0.4177  0.000e+00
      0.251      0.250    17.0938   4.517464     3.9230     0.4055  0.000e+00
      0.251      0.250    17.0981   4.517509     3.9239     0.4177  0.000e+00
      0.251      0.250    17.1025   4.517714     3.9307     0.4055  0.000e+00
      0.251      0.250    17.1061   4.517803     3.9172     0.4055  0.000e+00
      0.251      0.250    17.1070   4.517970     3.9236     0.3933  0.000e+00
      0.251      0.250    17.1083   4.518008     3.9277     0.3567  0.000e+00
     -0.365     -0.362    17.1139   4.518219     3.9181     0.3567  0.000e+00
      0.251      0.250    17.1177   4.518392     3.9218     0.3689  0.000e+00
      0.251      0.250    17.1230   4.518687     3.9248     0.3567  0.000e+00
      0.251      0.250    17.1245   4.518898     3.9203     0.3567  0.000e+00
      0.251      0.250    17.1264   4.519019     3.9295     0.3689  0.000e+00
      0.251      0.250    17.1279   4.519231     3.9196     0.3567  0.000e+00
      0.251      0.250    17.1288   4.519275     3.9222     0.3689  0.000e+00
     -0.365     -0.362    17.1285   4.519358     3.9309     0.3323  0.000e+00
     -0.365     -0.362    17.1306   4.519442     3.9238     0.3201  0.000e+00
      0.251      0.250    17.1301   4.519397     3.9178     0.3323  0.000e+00
      0.251      0.250    17.1304   4.519397     3.9252     0.3323  0.000e+00
     -0.365     -0.362    17.1285   4.519358     3.9279     0.3201  0.000e+00
      0.251      0.250    17.1253   4.519192     3.9247     0.3323  0.000e+00
      0.251      0.250    17.1230   4.519019     3.9305     0.3079  0.000e+00
      0.251      0.250    17.1192   4.518853     3.9254     0.3201  0.000e+00
      0.251      0.250    17.1141   4.518687     3.9296     0.3079  0.000e+00
      0.251      0.250    17.1139   4.518475     3.9356     0.3445  0.000e+00
      0.251      0.250    17.1120   4.518475     3.9275     0.3567  0.000e+00
      0.251      0.250    17.1090   4.518347     3.9308     0.3689  0.000e+00
      0.251      0.250    17.1054   4.518136     3.9362     0.3567  0.000e+00
      0.251      0.250    17.1029   4.517970     3.9327     0.3689  0.000e+00
      0.251      0.250    17.1006   4.517842     3.9428     0.3689  0.000e+00
      0.251      0.250    17.0993   4.517714     3.9344     0.3567  0.000e+00
      0.868      0.861    17.0961   4.517593     3.9293     0.3689  0.000e+00
      0.868      0.861    17.0939   4.517593     3.9375     0.3689  0.000e+00
      0.868      0.861    17.0900   4.517420     3.9330     0.3567  0.000e+00
      0.868      0.861    17.0888   4.517254     3.9299     0.3811  0.000e+00
      0.868      0.861    17.0851   4.517126     3.9331     0.3567  0.000e+00
      0.868      0.861    17.0821   4.516959     3.9300     0.3567  0.000e+00
      0.868      0.861    17.0780   4.516748     3.9330     0.3689  0.000e+00
      0.868      0.861    17.0750   4.516537     3.9379     0.3567  0.000e+00
      0.868      0.861    17.0746   4.516454     3.9339     0.3567  0.000e+00
      0.868      0.861    17.0717   4.516371     3.9383     0.3445  0.000e+00
      0.868      0.861    17.0716   4.516243     3.9403     0.3811  0.000e+00
      0.868      0.861    17.0710   4.516204     3.9273     0.3811  0.000e+00
      0.868      0.861    17.0716   4.516287     3.9331     0.3933  0.000e+00
      0.868      0.861    17.0727   4.516287     3.9337     0.3689  0.000e+00
      0.868      0.861    17.0711   4.516243     3.9332     0.3933  0.000e+00
      0.868      0.861    17.0717   4.516287     3.9391     0.3933  0.000e+00
      0.868      0.861    17.0685   4.516204     3.9397     0.3811  0.000e+00
      0.868      0.861    17.0696   4.516121     3.9344     0.4055  0.000e+00
      0.868      0.861    17.0696   4.516121     3.9386     0.4300  0.000e+00
      0.868      0.861    17.0702   4.516204     3.9383     0.4177  0.000e+00
      0.868      0.861    17.0691   4.516159     3.9420     0.4300  0.000e+00
      0.868      0.861    17.0698   4.516076     3.9433     0.4177  0.000e+00
      0.868      0.861    17.0695   4.516159     3.9390     0.4177  0.000e+00
      0.868      0.861    17.0691   4.515865     3.9472     0.4300  0.000e+00
      0.868      0.861    17.0674   4.516159     3.9499     0.4177  0.000e+00
      0.868      0.861    17.0654   4.515993     3.9470     0.4177  0.000e+00
      0.868      0.861    17.0700   4.515993     3.9603     0.4055  0.000e+00
      0.868      0.861    17.0738   4.516243     3.9596     0.3933  0.000e+00
      0.868      0.861    17.0750   4.516332     3.9498     0.4055  0.000e+00
      0.868      0.861    17.0829   4.516582     3.9602     0.4177  0.000e+00
      0.868      0.861    17.0864   4.516876     3.9484     0.4055  0.000e+00
      0.868      0.861    17.0884   4.516921     3.9540     0.4177  0.000e+00
      0.251      0.250    17.0903   4.517125     3.9622     0.4177  0.000e+00
      0.868      0.861    17.0942   4.517253     3.9556     0.4055  0.000e+00
      0.251      0.250    17.0960   4.517336     3.9490     0.4177  0.000e+00
      0.251      0.250    17.0973   4.517464     3.9508     0.3689  0.000e+00
      0.251      0.250    17.0985   4.517509     3.9450     0.3567  0.000e+00
      0.251      0.250    17.0985   4.517548     3.9432     0.3689  0.000e+00
      0.251      0.250    17.0987   4.517631     3.9497     0.3567  0.000e+00
      0.251      0.250    17.0981   4.517592     3.9442     0.3567  0.000e+00
      0.251      0.250    17.1000   4.517592     3.9521     0.3689  0.000e+00
      0.251      0.250    17.1072   4.517925     3.9529     0.3567  0.000e+00
      0.251      0.250    17.1102   4.518008     3.9483     0.3567  0.000e+00
      0.251      0.250    17.1116   4.518309     3.9541     0.3445  0.000e+00
      0.251      0.250    17.1132   4.518347     3.9556     0.3201  0.000e+00
     -0.365     -0.362    17.1135   4.518347     3.9542     0.3445  0.000e+00
     -0.365     -0.362    17.1158   4.518475     3.9560     0.3445  0.000e+00
      0.251      0.250    17.1196   4.518603     3.9502     0.3323  0.000e+00
     -0.365     -0.362    17.1218   4.518769     3.9489     0.3445  0.000e+00
      0.251      0.250    17.1238   4.518853     3.9547     0.3445  0.000e+00
      0.251      0.250    17.1243   4.518936     3.9506     0.3323  0.000e+00
      0.251      0.250    17.1243   4.518981     3.9609     0.3445  0.000e+00
      0.251      0.250    17.1247   4.519019     3.9665     0.3567  0.000e+00
     -0.365     -0.362    17.1238   4.519064     3.9585     0.3567  0.000e+00
      0.251      0.250    17.1234   4.518981     3.9527     0.3689  0.000e+00
      0.251      0.250    17.1215   4.518853     3.9643     0.3567  0.000e+00
      0.251      0.250    17.1209   4.518853     3.9523     0.3567  0.000e+00
      0.251      0.250    17.1211   4.518853     3.9599     0.3689  0.000e+00
      0.251      0.250    17.1181   4.518642     3.9613     0.3567  0.000e+00
      0.251      0.250    17.1173   4.518603     3.9653     0.3689  0.000e+00
      0.251      0.250    17.1160   4.518559     3.9710     0.3445  0.000e+00
      0.251      0.250    17.1106   4.518514     3.9775     0.3689  0.000e+00
      0.251      0.250    17.1096   4.518181     3.9717     0.3811  0.000e+00
      0.251      0.250    17.1095   4.518219     3.9757     0.3811  0.000e+00
      0.868      0.861    17.1082   4.518265     3.9670     0.3567  0.000e+00
      0.251      0.250    17.1070   4.518264     3.9634     0.3811  0.000e+00
      0.251      0.250    17.1036   4.518053     3.9653     0.3689  0.000e+00
      0.868      0.861    17.0979   4.517804     3.9588     0.3689  0.000e+00
      0.868      0.861    17.0953   4.517593     3.9706     0.3811  0.000e+00
      0.868      0.861    17.0964   4.517593     3.9652     0.3933  0.000e+00
      0.868      0.861    17.0961   4.517631     3.9596     0.3811  0.000e+00
      0.868      0.861    17.0936   4.517509     3.9643     0.3933  0.000e+00
      0.868      0.861    17.0930   4.517420     3.9657     0.3689  0.000e+00
      0.868      0.861    17.0960   4.517548     3.9547     0.3689  0.000e+00
      0.868      0.861    17.0944   4.517509     3.9608     0.3933  0.000e+00
      0.868      0.861    17.0894   4.517382     3.9564     0.3811  0.000e+00
      0.868      0.861    17.0913   4.517170     3.9600     0.3933  0.000e+00
      0.868      0.861    17.0890   4.517254     3.9659     0.3689  0.000e+00
      0.868      0.861    17.0850   4.517215     3.9615     0.4055  0.000e+00
      0.868      0.861    17.0797   4.516831     3.9697     0.4177  0.000e+00
      0.868      0.861    17.0825   4.516793     3.9721     0.4177  0.000e+00
      0.868      0.861    17.0807   4.516876     3.9680     0.3933  0.000e+00
      0.868      0.861    17.0799   4.516748     3.9709     0.4177  0.000e+00
      0.868      0.861    17.0799   4.516793     3.9756     0.4055  0.000e+00
      0.868      0.861    17.0750   4.516537     3.9635     0.4055  0.000e+00
      0.868      0.861    17.0750   4.516454     3.9763     0.4177  0.000e+00
      1.484      1.473    17.0851   4.516582     3.9769     0.4177  0.000e+00
      0.868      0.861    17.0888   4.516959     3.9714     0.4177  0.000e+00
      0.868      0.861    17.0888   4.517126     3.9842     0.4300  0.000e+00
      0.868      0.861    17.0894   4.517170     3.9829     0.4055  0.000e+00
      0.868      0.861    17.0896   4.517170     3.9777     0.4300  0.000e+00
      0.868      0.861    17.0906   4.517254     3.9859     0.4300  0.000e+00
      0.868      0.861    17.0934   4.517298     3.9776     0.4055  0.000e+00
      0.868      0.861    17.0932   4.517337     3.9807     0.4300  0.000e+00
      0.868      0.861    17.0944   4.517337     3.9898     0.4055  0.000e+00
      0.868      0.861    17.0949   4.517465     3.9856     0.3689  0.000e+00
      0.868      0.861    17.0966   4.517465     3.9820     0.3933  0.000e+00
      0.868      0.861    17.0994   4.517593     3.9853     0.3811  0.000e+00
      0.251      0.250    17.0996   4.517676     3.9754     0.3811  0.000e+00
      0.868      0.861    17.1013   4.517714     3.9815     0.3933  0.000e+00
      0.251      0.250    17.1017   4.517714     3.9901     0.3811  0.000e+00
      0.251      0.250    17.1013   4.517804     3.9803     0.3811  0.000e+00
      0.251      0.250    17.1033   4.517842     3.9837     0.3933  0.000e+00
      0.251      0.250    17.1038   4.517887     3.9878     0.3445  0.000e+00
      0.251      0.250    17.1072   4.518015     3.9785     0.3445  0.000e+00
      0.251      0.250    17.1110   4.518181     3.9870     0.3567  0.000e+00
      0.251      0.250    17.1146   4.518309     3.9795     0.3445  0.000e+00
      0.251      0.250    17.1163   4.518431     3.9853     0.3567  0.000e+00
      0.251      0.250    17.1188   4.518431     3.9909     0.3567  0.000e+00
      0.251      0.250    17.1202   4.518687     3.9823     0.3323  0.000e+00
      0.251      0.250    17.1228   4.518687     3.9849     0.3567  0.000e+00
      0.251      0.250    17.1233   4.518808     3.9905     0.3323  0.000e+00
      0.251      0.250    17.1224   4.518853     3.9918     0.3567  0.000e+00
      0.251      0.250    17.1226   4.518853     3.9914     0.3567  0.000e+00
      0.251      0.250    17.1228   4.518898     3.9958     0.3567  0.000e+00
      0.251      0.250    17.1226   4.518898     3.9900     0.3567  0.000e+00
      0.251      0.250    17.1220   4.518853     3.9892     0.3689  0.000e+00
      0.251      0.250    17.1198   4.518898     3.9945     0.3567  0.000e+00
      0.251      0.250    17.1198   4.518770     3.9899     0.3567  0.000e+00
      0.251      0.250    17.1188   4.518687     3.9975     0.3689  0.000e+00
      0.251      0.250    17.1179   4.518687     3.9953     0.3201  0.000e+00
      0.251      0.250    17.1196   4.518687     3.9894     0.3201  0.000e+00
      0.251      0.250    17.1194   4.518725     4.0011     0.3445  0.000e+00
      0.251      0.250    17.1183   4.518687     3.9964     0.3323  0.000e+00
      0.251      0.250    17.1173   4.518559     4.0008     0.3567  0.000e+00
