tests/test4_preprocessing/c005.cnv
* Sea-Bird SBE25 Data File:
* FileName = C:\Users\CAU\Desktop\DEMERSALES 0920\c005.hex
* Software Version 1.59
* Temperature SN = 4959
* Conductivity SN = 3516
* System UpLoad Time = Sep 18 2020 13:08:15
** Ship: B/O: Miguel Oliver
** Cruise: DEMERSALES 0920
** Station:c005
** Date:18/09/2020
** Time (GMT/local):12:56
** Latitude:42 15.457 N
** Longitude:008 59.238 W
** Depth (m):105
** Operador:Chapela
# nquan = 7
# nvalues = 3508                                  
# units = specified
# name 0 = prSM: Pressure, Strain Gauge [db]
# name 1 = depSM: Depth [salt water, m], lat = 36.00
# name 2 = t090C: Temperature [ITS-90, deg C]
# name 3 = c0S/m: Conductivity [S/m]
# name 4 = sbeox0ML/L: Oxygen, SBE 43 [ml/l]
# name 5 = flECO-AFL: Fluorescence, WET Labs ECO-AFL/FL [mg/m^3]
# name 6 = flag:  0.000e+00
# span 0 =     -1.597,     98.190                 
# span 1 =     -1.585,     97.449                 
# span 2 =    13.0183,    19.1822                 
# span 3 =  -0.000808,   4.581624                 
# span 4 =     2.4976,     6.2828                 
# span 5 =    -0.5835,    49.1601                 
# span 6 = 0.0000e+00, 0.0000e+00                 
# interval = seconds: 0.125
# start_time = Sep 18 2020 12:56:26 [Instrument's time stamp, header]
# bad_flag = -9.990e-29
*END*
[from data line 3077]
     15.039     14.929    15.3876   4.395777     3.6628     0.7230  0.000e+00
     15.039     14.929    15.3910   4.396270     3.6720     0.6253  0.000e+00
     15.039     14.929    15.3882   4.396435     3.6864     0.6375  0.000e+00
     15.039     14.929    15.3793   4.396188     3.6997     0.6497  0.000e+00
     15.039     14.929    15.3861   4.395897     3.6996     0.6253  0.000e+00
     15.039     14.929    15.3869   4.396188     3.6964     0.6619  0.000e+00
     14.423     14.317    15.3874   4.396226     3.7069     0.6497  0.000e+00
     14.423     14.317    15.3884   4.396365     3.7287     0.6375  0.000e+00
     14.423     14.317    15.3817   4.396143     3.7302     0.6497  0.000e+00
     13.807     13.705    15.3817   4.395979     3.7401     0.6986  0.000e+00
     14.423     14.317    15.3769   4.395814     3.7560     0.6864  0.000e+00
     14.423     14.317    15.3794   4.395814     3.7554     0.6986  0.000e+00
     14.423     14.317    15.3771   4.395776     3.7482     0.6864  0.000e+00
     14.423     14.317    15.3771   4.395732     3.7287     0.6864  0.000e+00
     14.423     14.317    15.3784   4.395776     3.7351     0.6986  0.000e+00
     14.423     14.317    15.3786   4.395568     3.7416     0.6864  0.000e+00
     13.807     13.705    15.3720   4.395485     3.7343     0.6986  0.000e+00
     14.423     14.317    15.3698   4.395239     3.7328     0.6742  0.000e+00
     13.807     13.705    15.3692   4.395238     3.7305     0.6497  0.000e+00
     13.807     13.705    15.3681   4.395207     3.7345     0.6619  0.000e+00
     13.191     13.094    15.3700   4.395206     3.7439     0.6619  0.000e+00
     13.807     13.705    15.3713   4.395074     3.7317     0.6497  0.000e+00
     13.807     13.705    15.3712   4.395403     3.7311     0.6619  0.000e+00
     13.807     13.705    15.3737   4.395650     3.7242     0.6619  0.000e+00
     13.807     13.705    15.3724   4.395612     3.7356     0.6497  0.000e+00
     13.191     13.094    15.3735   4.395485     3.7561     0.6619  0.000e+00
     13.807     13.705    15.3719   4.395321     3.7604     0.7352  0.000e+00
     13.807     13.705    15.3739   4.395529     3.7618     0.7352  0.000e+00
     13.191     13.094    15.3726   4.395403     3.7727     0.7596  0.000e+00
     13.807     13.705    15.3705   4.395485     3.7736     0.7352  0.000e+00
     13.191     13.094    15.3711   4.395485     3.7755     0.7352  0.000e+00
     13.191     13.094    15.3705   4.395567     3.7730     0.7474  0.000e+00
     13.807     13.705    15.3709   4.395612     3.7672     0.7352  0.000e+00
     13.191     13.094    15.3696   4.395529     3.7660     0.7474  0.000e+00
     13.191     13.094    15.3705   4.395447     3.7737     0.7230  0.000e+00
     13.191     13.094    15.3732   4.395611     3.7611     0.7596  0.000e+00
     13.191     13.094    15.3730   4.395700     3.7597     0.7718  0.000e+00
     13.191     13.094    15.3756   4.395858     3.7697     0.7718  0.000e+00
     13.191     13.094    15.3745   4.395940     3.7565     0.7596  0.000e+00
     13.191     13.094    15.3763   4.395940     3.7586     0.7718  0.000e+00
     13.191     13.094    15.3765   4.396061     3.7697     0.7596  0.000e+00
     13.191     13.094    15.3795   4.396225     3.7687     0.7596  0.000e+00
     13.191     13.094    15.3804   4.396472     3.7853     0.7718  0.000e+00
     13.191     13.094    15.3747   4.396352     3.7816     0.7963  0.000e+00
     13.191     13.094    15.3656   4.395649     3.7903     0.7963  0.000e+00
     13.191     13.094    15.3593   4.395074     3.8058     0.8085  0.000e+00
     13.191     13.094    15.3608   4.394707     3.7998     0.7963  0.000e+00
     13.191     13.094    15.3636   4.394827     3.7961     0.8085  0.000e+00
     13.191     13.094    15.3668   4.395042     3.8070     0.8085  0.000e+00
     13.191     13.094    15.3683   4.395333     3.8092     0.7963  0.000e+00
     13.191     13.094    15.3692   4.395536     3.8158     0.8085  0.000e+00
     13.191     13.094    15.3686   4.395649     3.8175     0.7963  0.000e+00
     13.191     13.094    15.3684   4.395694     3.8142     0.8207  0.000e+00
     13.191     13.094    15.3686   4.395694     3.8230     0.8451  0.000e+00
     13.191     13.094    15.3683   4.395694     3.8321     0.8207  0.000e+00
     13.191     13.094    15.3670   4.395485     3.8207     0.8207  0.000e+00
     12.574     12.482    15.3670   4.395447     3.8286     0.8451  0.000e+00
     12.574     12.482    15.3648   4.395238     3.8343     0.8207  0.000e+00
     12.574     12.482    15.3593   4.395035     3.8345     0.8329  0.000e+00
     13.191     13.094    15.3638   4.395036     3.8360     0.8451  0.000e+00
     12.574     12.482    15.3720   4.395978     3.8363     0.7108  0.000e+00
     12.574     12.482    15.3810   4.396307     3.8340     0.7352  0.000e+00
     13.191     13.094    15.3869   4.396554     3.8474     0.7352  0.000e+00
     12.574     12.482    15.3878   4.396718     3.8417     0.6986  0.000e+00
     12.574     12.482    15.3893   4.397092     3.8359     0.7230  0.000e+00
     11.958     11.871    15.3916   4.397338     3.8534     0.7230  0.000e+00
     12.574     12.482    15.3854   4.397048     3.8459     0.7108  0.000e+00
     12.574     12.482    15.3899   4.397048     3.8531     0.7230  0.000e+00
     12.574     12.482    15.3925   4.397813     3.8472     0.7108  0.000e+00
     11.958     11.871    15.3910   4.397623     3.8514     0.7963  0.000e+00
     11.958     11.871    15.3953   4.397750     3.8594     0.8085  0.000e+00
     11.958     11.871    15.4006   4.398079     3.8570     0.7963  0.000e+00
     12.574     12.482    15.4040   4.398598     3.8625     0.7963  0.000e+00
     11.958     11.871    15.4180   4.399516     3.8883     0.8085  0.000e+00
     11.958     11.871    15.4190   4.399762     3.8990     0.7963  0.000e+00
     11.958     11.871    15.4329   4.400421     3.8895     0.8085  0.000e+00
     11.958     11.871    15.4359   4.401491     3.8835     0.8085  0.000e+00
     11.958     11.871    15.4418   4.402067     3.8753     0.7718  0.000e+00
     11.958     11.871    15.4337   4.402194     3.8782     0.7840  0.000e+00
     11.958     11.871    15.4255   4.400959     3.8856     0.7840  0.000e+00
     11.958     11.871    15.4277   4.400959     3.8822     0.7718  0.000e+00
     11.958     11.871    15.4230   4.400959     3.8858     0.7840  0.000e+00
     11.958     11.871    15.4189   4.396965     3.8880     0.7718  0.000e+00
     11.958     11.871    15.4140   4.399889     3.8887     0.7718  0.000e+00
     11.958     11.871    15.4189   4.400301     3.8997     0.7840  0.000e+00
     11.958     11.871    15.4213   4.401409     3.9018     0.7718  0.000e+00
     11.958     11.871    15.4195   4.401162     3.9012     0.8695  0.000e+00
     11.958     11.871    15.3976   4.400054     3.9068     0.8817  0.000e+00
     11.958     11.871    15.3888   4.398326     3.9005     0.8695  0.000e+00
     11.958     11.871    15.3908   4.398035     3.8880     0.8817  0.000e+00
     11.958     11.871    15.3895   4.397914     3.9062     0.8817  0.000e+00
     11.958     11.871    15.3910   4.398282     3.9113     0.8695  0.000e+00
     11.958     11.871    15.3997   4.398611     3.9151     0.8817  0.000e+00
     11.958     11.871    15.4042   4.398940     3.9260     0.8695  0.000e+00
     11.958     11.871    15.4074   4.399231     3.9236     0.7963  0.000e+00
     11.958     11.871    15.4106   4.399642     3.9302     0.8085  0.000e+00
     11.958     11.871    15.4079   4.399478     3.9443     0.7963  0.000e+00
     11.958     11.871    15.4141   4.400009     3.9408     0.7963  0.000e+00
     11.958     11.871    15.4279   4.400794     3.9446     0.8085  0.000e+00
     11.958     11.871    15.4397   4.401738     3.9517     0.7963  0.000e+00
     11.958     11.871    15.4484   4.402770     3.9600     0.8085  0.000e+00
     11.958     11.871    15.4478   4.402972     3.9639     0.8085  0.000e+00
     11.958     11.871    15.4320   4.402396     3.9679     0.7963  0.000e+00
     11.958     11.871    15.4406   4.401946     3.9636     0.8207  0.000e+00
     11.958     11.871    15.4477   4.402934     3.9748     0.8207  0.000e+00
     11.958     11.871    15.4497   4.403346     3.9731     0.8085  0.000e+00
     11.958     11.871    15.4522   4.403548     3.9882     0.8329  0.000e+00
     11.958     11.871    15.4269   4.402479     3.9823     0.8085  0.000e+00
     11.958     11.871    15.4300   4.401700     3.9915     0.8085  0.000e+00
     11.958     11.871    15.4371   4.401738     3.9844     0.8329  0.000e+00
     11.958     11.871    15.4461   4.402149     3.9859     0.8085  0.000e+00
     11.958     11.871    15.4294   4.402232     3.9658     0.7963  0.000e+00
     11.958     11.871    15.4189   4.401820     3.9898     0.8085  0.000e+00
     11.958     11.871    15.4222   4.401409     3.9918     0.7963  0.000e+00
     11.958     11.871    15.4230   4.401655     3.9858     0.8085  0.000e+00
     11.958     11.871    15.4339   4.401985     3.9902     0.8085  0.000e+00
     11.958     11.871    15.4341   4.402232     3.9805     0.7963  0.000e+00
     12.574     12.482    15.4372   4.402605     3.9913     0.8085  0.000e+00
     11.958     11.871    15.4422   4.402605     3.9944     0.8085  0.000e+00
     11.958     11.871    15.4420   4.402605     3.9883     0.7963  0.000e+00
     11.958     11.871    15.4399   4.402605     3.9912     0.8451  0.000e+00
     11.958     11.871    15.4397   4.402605     4.0023     0.8329  0.000e+00
     12.574     12.482    15.4403   4.402605     3.9885     0.8207  0.000e+00
     11.958     11.871    15.4382   4.402478     4.0019     0.8329  0.000e+00
     11.958     11.871    15.4249   4.402149     4.0112     0.8207  0.000e+00
     11.958     11.871    15.4245   4.401782     4.0106     0.8207  0.000e+00
     11.958     11.871    15.4179   4.401244     4.0151     0.8451  0.000e+00
     11.958     11.871    15.4188   4.400997     4.0153     0.8207  0.000e+00
     11.958     11.871    15.4209   4.400750     4.0170     0.7474  0.000e+00
     11.958     11.871    15.4046   4.400054     4.0203     0.7474  0.000e+00
     11.958     11.871    15.4055   4.399560     4.0252     0.7352  0.000e+00
     11.958     11.871    15.4158   4.400009     4.0274     0.7596  0.000e+00
     11.958     11.871    15.4168   4.400218     4.0452     0.7474  0.000e+00
     11.958     11.871    15.4132   4.400218     4.0278     0.7352  0.000e+00
     11.958     11.871    15.4121   4.400174     4.0295     0.7474  0.000e+00
     11.958     11.871    15.4134   4.400009     4.0450     0.7352  0.000e+00
     11.958     11.871    15.4013   4.399845     4.0581     0.7352  0.000e+00
     11.958     11.871    15.4115   4.399889     4.0556     0.7718  0.000e+00
     11.958     11.871    15.4169   4.400174     4.0625     0.7474  0.000e+00
     11.958     11.871    15.4209   4.400301     4.0647     0.7474  0.000e+00
     11.958     11.871    15.4311   4.400997     4.0733     0.7596  0.000e+00
     11.342     11.259    15.4418   4.402067     4.0839     0.7474  0.000e+00
     11.958     11.871    15.4618   4.403219     4.0755     0.7596  0.000e+00
     11.958     11.871    15.5018   4.405365     4.0881     0.7596  0.000e+00
     11.342     11.259    15.5132   4.408292     4.0733     0.7474  0.000e+00
     11.342     11.259    15.4945   4.408539     4.0626     0.7474  0.000e+00
     11.342     11.259    15.5072   4.409078     4.0763     0.7474  0.000e+00
     10.726     10.647    15.5119   4.409362     4.0643     0.7352  0.000e+00
     10.726     10.647    15.5426   4.411098     4.0563     0.7474  0.000e+00
     10.726     10.647    15.5463   4.411840     4.0668     0.7474  0.000e+00
     10.726     10.647    15.5696   4.412892     4.0593     0.7352  0.000e+00
     10.110     10.036    15.6482   4.417753     4.0591     0.7474  0.000e+00
     10.110     10.036    15.6943   4.423632     4.2944     0.7352  0.000e+00
     10.726     10.647    15.7305   4.426723     4.2397     0.7352  0.000e+00
     10.110     10.036    15.7928   4.432257     4.1891     0.7108  0.000e+00
      9.494      9.424    15.8388   4.436582     4.1549     0.6986  0.000e+00
      9.494      9.424    15.8618   4.440692     4.1393     0.6986  0.000e+00
      9.494      9.424    15.8971   4.442783     4.1310     0.7108  0.000e+00
      8.878      8.813    15.9430   4.447029     4.1184     0.6986  0.000e+00
      8.878      8.813    15.9310   4.448492     4.1104     0.7108  0.000e+00
      8.878      8.813    15.9573   4.449229     4.1082     0.7108  0.000e+00
      8.878      8.813    15.9636   4.450641     4.0906     0.6986  0.000e+00
      8.878      8.813    15.9709   4.450641     4.0756     0.6864  0.000e+00
      8.262      8.201    15.9618   4.452301     4.0788     0.6742  0.000e+00
      8.262      8.201    16.0061   4.452968     4.0697     0.6619  0.000e+00
      8.262      8.201    16.0369   4.457002     4.0555     0.6864  0.000e+00
      8.262      8.201    16.0350   4.458746     4.0540     0.6619  0.000e+00
      7.645      7.589    16.0447   4.459287     4.0346     0.6619  0.000e+00
      7.645      7.589    16.0461   4.459287     4.0241     0.6742  0.000e+00
      7.645      7.589    16.0702   4.460076     4.0893     0.6619  0.000e+00
      7.645      7.589    16.0912   4.462788     4.1299     0.6864  0.000e+00
      7.029      6.978    16.1251   4.465412     4.1539     0.7230  0.000e+00
      7.029      6.978    16.1300   4.467412     4.1468     0.7108  0.000e+00
      7.029      6.978    16.1326   4.467495     4.1545     0.7352  0.000e+00
      7.029      6.978    16.1558   4.467705     4.1698     0.7230  0.000e+00
      6.413      6.366    16.1846   4.471119     4.1717     0.7108  0.000e+00
      6.413      6.366    16.2082   4.471374     4.1823     0.7230  0.000e+00
      6.413      6.366    16.2250   4.473362     4.1907     0.7108  0.000e+00
      6.413      6.366    16.2033   4.474032     4.1948     0.7108  0.000e+00
      5.797      5.754    16.2169   4.474031     4.1858     0.6986  0.000e+00
      5.797      5.754    16.2229   4.474637     4.2076     0.6619  0.000e+00
      5.797      5.754    16.2448   4.475510     4.2118     0.6619  0.000e+00
      5.797      5.754    16.2450   4.475638     4.2161     0.6742  0.000e+00
      5.181      5.143    16.2623   4.476013     4.2196     0.6619  0.000e+00
      5.181      5.143    16.2998   4.477396     4.2349     0.6742  0.000e+00
      5.181      5.143    16.3176   4.479864     4.2408     0.6742  0.000e+00
      5.181      5.143    16.3621   4.481414     4.2420     0.6619  0.000e+00
      4.565      4.531    16.4072   4.484392     4.2428     0.6742  0.000e+00
      4.565      4.531    16.4105   4.485145     4.2610     0.7108  0.000e+00
      4.565      4.531    16.4146   4.486057     4.2670     0.6986  0.000e+00
      4.565      4.531    16.4278   4.487142     4.2719     0.7108  0.000e+00
      3.948      3.920    16.4391   4.487684     4.2875     0.6986  0.000e+00
      3.948      3.920    16.4547   4.488578     4.2825     0.6986  0.000e+00
      3.948      3.920    16.4809   4.490588     4.2999     0.7108  0.000e+00
      3.948      3.920    16.4931   4.491316     4.3088     0.6986  0.000e+00
      3.332      3.308    16.5212   4.492101     4.3063     0.6986  0.000e+00
      3.332      3.308    16.5418   4.493033     4.2985     0.7108  0.000e+00
      3.332      3.308    16.5988   4.495376     4.3115     0.6864  0.000e+00
      3.332      3.308    16.6753   4.496595     4.3125     0.6986  0.000e+00
      3.332      3.308    16.7326   4.500849     4.3084     0.6986  0.000e+00
      2.716      2.696    16.8017   4.503328     4.3011     0.6864  0.000e+00
      2.716      2.696    16.7563   4.504409     4.3091     0.6986  0.000e+00
      2.100      2.085    16.8543   4.507968     4.3187     0.6986  0.000e+00
      2.100      2.085    16.9846   4.511203     4.3029     0.6864  0.000e+00
      2.100      2.085    16.9654   4.514690     4.3102     0.6986  0.000e+00
