tests/test4_preprocessing/c005.cnv
* Sea-Bird SBE25 Data File:
* FileName = C:\Users\CAU\Desktop\DEMERSALES 0920\c005.hex
* Software Version 1.59
* Temperature SN = 4959
* Conductivity SN = 3516
* System UpLoad Time = Sep 18 2020 13:08:15
** Ship: B/O: Miguel Oliver
** Cruise: DEMERSALES 0920
** Station:c005
** Date:18/09/2020
** Time (GMT/local):12:56
** Latitude:42 15.457 N
** Longitude:008 59.238 W
** Depth (m):105
** Operador:Chapela
# nquan = 7
# nvalues = 3508                                  
# units = specified
# name 0 = prSM: Pressure, Strain Gauge [db]
# name 1 = depSM: Depth [salt water, m], lat = 36.00
# name 2 = t090C: Temperature [ITS-90, deg C]
# name 3 = c0S/m: Conductivity [S/m]
# name 4 = sbeox0ML/L: Oxygen, SBE 43 [ml/l]
# name 5 = flECO-AFL: Fluorescence, WET Labs ECO-AFL/FL [mg/m^3]
# name 6 = flag:  0.000e+00
# span 0 =     -1.597,     98.190                 
# span 1 =     -1.585,     97.449                 
# span 2 =    13.0183,    19.1822                 
# span 3 =  -0.000808,   4.581624                 
# span 4 =     2.4976,     6.2828                 
# span 5 =    -0.5835,    49.1601                 
# span 6 = 0.0000e+00, 0.0000e+00                 
# interval = seconds: 0.125
# start_time = Sep 18 2020 12:56:26 [Instrument's time stamp, header]
# bad_flag = -9.990e-29
*END*
[from data line 821]
      0.251      0.250    17.2489   4.537501     4.1393     0.4177  0.000e+00
      0.251      0.250    17.2506   4.537206     4.1358     0.4055  0.000e+00
      0.251      0.250    17.2538   4.537629     4.1350     0.4300  0.000e+00
      0.251      0.250    17.2545   4.537629     4.1437     0.4300  0.000e+00
      0.251      0.250    17.2498   4.537418     4.1370     0.4177  0.000e+00
      0.251      0.250    17.2457   4.537206     4.1404     0.4300  0.000e+00
      0.251      0.250    17.2462   4.537078     4.1371     0.4177  0.000e+00
      0.251      0.250    17.2481   4.537225     4.1315     0.4177  0.000e+00
      0.251      0.250    17.2508   4.537347     4.1384     0.4300  0.000e+00
      0.251      0.250    17.2513   4.537437     4.1338     0.4177  0.000e+00
      0.868      0.861    17.2515   4.537520     4.1284     0.3933  0.000e+00
      0.868      0.861    17.2602   4.537770     4.1441     0.4055  0.000e+00
      0.251      0.250    17.2693   4.538398     4.1385     0.3933  0.000e+00
      0.868      0.861    17.2734   4.538822     4.1376     0.4055  0.000e+00
      0.251      0.250    17.2692   4.538905     4.1460     0.4055  0.000e+00
      0.868      0.861    17.2675   4.538399     4.1389     0.3811  0.000e+00
      0.868      0.861    17.2679   4.538315     4.1425     0.4055  0.000e+00
      0.868      0.861    17.2600   4.538065     4.1487     0.3933  0.000e+00
      0.868      0.861    17.2527   4.537559     4.1420     0.3933  0.000e+00
      0.868      0.861    17.2515   4.537264     4.1410     0.4422  0.000e+00
      0.868      0.861    17.2519   4.537180     4.1462     0.4177  0.000e+00
      0.868      0.861    17.2400   4.536693     4.1385     0.4177  0.000e+00
      0.868      0.861    17.2366   4.535257     4.1461     0.4300  0.000e+00
      0.868      0.861    17.2328   4.535341     4.1501     0.4177  0.000e+00
      0.868      0.861    17.2392   4.535385     4.1446     0.4177  0.000e+00
      0.868      0.861    17.2428   4.536001     4.1525     0.4300  0.000e+00
      0.868      0.861    17.2430   4.536103     4.1447     0.4177  0.000e+00
      0.868      0.861    17.2460   4.536315     4.1373     0.3933  0.000e+00
      0.868      0.861    17.2469   4.536693     4.1500     0.3933  0.000e+00
      0.868      0.861    17.2452   4.536866     4.1470     0.3689  0.000e+00
      0.868      0.861    17.2410   4.536655     4.1429     0.3933  0.000e+00
      0.868      0.861    17.2375   4.535597     4.1567     0.3933  0.000e+00
      0.868      0.861    17.2457   4.535244     4.1494     0.3811  0.000e+00
      0.868      0.861    17.2436   4.535680     4.1539     0.3933  0.000e+00
      0.868      0.861    17.2417   4.535385     4.1604     0.3811  0.000e+00
      0.868      0.861    17.2449   4.535469     4.1567     0.3811  0.000e+00
      0.868      0.861    17.2496   4.535808     4.1556     0.3811  0.000e+00
      0.868      0.861    17.2649   4.536507     4.1627     0.3567  0.000e+00
      0.868      0.861    17.2776   4.537520     4.1567     0.3689  0.000e+00
      0.868      0.861    17.2750   4.537642     4.1609     0.3811  0.000e+00
      0.868      0.861    17.2761   4.537725     4.1624     0.3567  0.000e+00
      0.868      0.861    17.2774   4.537725     4.1581     0.3811  0.000e+00
      0.868      0.861    17.2761   4.537584     4.1716     0.3811  0.000e+00
      0.868      0.861    17.2736   4.537373     4.1647     0.3689  0.000e+00
      0.868      0.861    17.2678   4.536783     4.1668     0.3689  0.000e+00
      0.868      0.861    17.2530   4.536020     4.1815     0.3689  0.000e+00
      0.868      0.861    17.2343   4.534584     4.1771     0.3567  0.000e+00
      0.868      0.861    17.2279   4.533270     4.1762     0.3689  0.000e+00
      0.868      0.861    17.2280   4.533232     4.1857     0.3567  0.000e+00
      0.868      0.861    17.2246   4.532726     4.1780     0.3567  0.000e+00
      0.868      0.861    17.2205   4.532386     4.1853     0.3689  0.000e+00
      0.868      0.861    17.2166   4.532174     4.1868     0.3567  0.000e+00
      0.868      0.861    17.2077   4.531457     4.1786     0.3567  0.000e+00
      0.251      0.250    17.2071   4.531290     4.1792     0.3933  0.000e+00
      0.868      0.861    17.2084   4.531245     4.1789     0.3689  0.000e+00
      0.868      0.861    17.2065   4.531079     4.1728     0.3811  0.000e+00
      0.251      0.250    17.1996   4.530784     4.1831     0.3933  0.000e+00
      0.251      0.250    17.1987   4.528631     4.1838     0.3811  0.000e+00
      0.868      0.861    17.1973   4.530188     4.1780     0.3933  0.000e+00
      0.251      0.250    17.2010   4.530021     4.1776     0.3933  0.000e+00
      0.251      0.250    17.2033   4.530233     4.1749     0.3689  0.000e+00
      0.251      0.250    17.2011   4.530361     4.1732     0.3567  0.000e+00
      0.251      0.250    17.1943   4.530124     4.1833     0.3567  0.000e+00
      0.251      0.250    17.1926   4.529349     4.1760     0.3445  0.000e+00
      0.251      0.250    17.2061   4.529682     4.1818     0.3567  0.000e+00
      0.251      0.250    17.2147   4.530482     4.1876     0.3445  0.000e+00
      0.251      0.250    17.2178   4.531033     4.1755     0.3445  0.000e+00
      0.251      0.250    17.2283   4.531719     4.1867     0.3567  0.000e+00
      0.251      0.250    17.2493   4.532892     4.1916     0.3323  0.000e+00
      0.251      0.250    17.2682   4.534327     4.1782     0.3445  0.000e+00
      0.251      0.250    17.2947   4.536173     4.1866     0.3689  0.000e+00
      0.251      0.250    17.3170   4.538949     4.1852     0.3445  0.000e+00
      0.251      0.250    17.3316   4.540424     4.1786     0.3445  0.000e+00
      0.251      0.250    17.3324   4.541861     4.1831     0.3567  0.000e+00
      0.251      0.250    17.3007   4.540591     4.1867     0.3445  0.000e+00
      0.251      0.250    17.2780   4.536442     4.1847     0.3567  0.000e+00
      0.251      0.250    17.2829   4.536314     4.1910     0.3567  0.000e+00
      0.251      0.250    17.2939   4.536821     4.1899     0.3445  0.000e+00
      0.251      0.250    17.3177   4.540629     4.1866     0.3567  0.000e+00
      0.251      0.250    17.3268   4.542194     4.1906     0.3567  0.000e+00
      0.251      0.250    17.3338   4.542861     4.1889     0.3445  0.000e+00
      0.868      0.861    17.3353   4.543253     4.1979     0.3567  0.000e+00
      0.868      0.861    17.3350   4.543426     4.2009     0.3323  0.000e+00
      0.868      0.861    17.3369   4.543497     4.1954     0.3445  0.000e+00
      0.251      0.250    17.3372   4.543554     4.2037     0.3567  0.000e+00
      0.251      0.250    17.3350   4.543497     4.2026     0.3445  0.000e+00
      0.868      0.861    17.3374   4.543638     4.2005     0.3445  0.000e+00
      0.868      0.861    17.3374   4.543709     4.2092     0.3445  0.000e+00
      0.868      0.861    17.3384   4.543805     4.2108     0.3201  0.000e+00
      0.868      0.861    17.3403   4.543805     4.2063     0.3323  0.000e+00
      0.868      0.861    17.3446   4.543920     4.2092     0.3445  0.000e+00
      0.251      0.250    17.3566   4.544273     4.2032     0.3323  0.000e+00
      0.868      0.861    17.3606   4.544594     4.2038     0.3445  0.000e+00
      0.868      0.861    17.3757   4.544106     4.2102     0.3445  0.000e+00
      0.868      0.861    17.3960   4.544972     4.1964     0.3323  0.000e+00
      0.868      0.861    17.4205   4.546434     4.1992     0.3567  0.000e+00
      0.868      0.861    17.4245   4.547711     4.2100     0.3567  0.000e+00
      0.868      0.861    17.4065   4.547795     4.2040     0.3323  0.000e+00
      0.868      0.861    17.3900   4.546987     4.2099     0.3567  0.000e+00
      0.868      0.861    17.3881   4.546351     4.2152     0.3445  0.000e+00
      0.868      0.861    17.3699   4.545896     4.2082     0.3445  0.000e+00
      0.868      0.861    17.3369   4.543131     4.2230     0.3567  0.000e+00
      0.868      0.861    17.3324   4.542368     4.2160     0.3323  0.000e+00
      0.868      0.861    17.3363   4.542656     4.2178     0.3567  0.000e+00
      0.868      0.861    17.3424   4.543253     4.2221     0.3933  0.000e+00
      0.868      0.861    17.3378   4.543285     4.2317     0.3689  0.000e+00
      0.251      0.250    17.3352   4.542367     4.2287     0.4055  0.000e+00
      0.251      0.250    17.3251   4.542194     4.2338     0.3933  0.000e+00
      0.868      0.861    17.3317   4.541938     4.2288     0.3811  0.000e+00
      0.868      0.861    17.3433   4.542021     4.2306     0.3933  0.000e+00
      0.868      0.861    17.3404   4.541899     4.2359     0.3811  0.000e+00
      0.868      0.861    17.3361   4.540969     4.2216     0.3811  0.000e+00
      0.251      0.250    17.3304   4.541219     4.2218     0.3567  0.000e+00
      0.868      0.861    17.3291   4.540713     4.2306     0.3445  0.000e+00
      0.868      0.861    17.3289   4.540886     4.2256     0.3323  0.000e+00
      0.251      0.250    17.3227   4.540803     4.2327     0.3445  0.000e+00
      0.868      0.861    17.3164   4.540758     4.2347     0.3323  0.000e+00
      0.251      0.250    17.3098   4.541136     4.2246     0.3323  0.000e+00
      0.251      0.250    17.2927   4.540925     4.2330     0.3445  0.000e+00
      0.868      0.861    17.2835   4.540168     4.2322     0.3201  0.000e+00
      0.251      0.250    17.2829   4.539655     4.2348     0.3445  0.000e+00
      0.868      0.861    17.2717   4.539232     4.2359     0.3933  0.000e+00
      0.868      0.861    17.2578   4.538687     4.2345     0.3811  0.000e+00
      0.251      0.250    17.2482   4.537963     4.2342     0.3933  0.000e+00
      0.251      0.250    17.2444   4.537328     4.2429     0.3933  0.000e+00
      0.868      0.861    17.2405   4.536866     4.2357     0.3811  0.000e+00
      0.868      0.861    17.2381   4.536572     4.2391     0.3933  0.000e+00
      0.251      0.250    17.2358   4.536187     4.2441     0.3689  0.000e+00
      0.251      0.250    17.2402   4.536174     4.2418     0.3811  0.000e+00
      0.251      0.250    17.2454   4.536001     4.2400     0.4055  0.000e+00
      0.868      0.861    17.2637   4.536488     4.2433     0.3933  0.000e+00
      0.251      0.250    17.2767   4.537879     4.2371     0.3933  0.000e+00
      0.251      0.250    17.2729   4.538219     4.2417     0.4055  0.000e+00
      0.868      0.861    17.2742   4.538174     4.2387     0.3933  0.000e+00
      0.251      0.250    17.2803   4.538514     4.2351     0.3933  0.000e+00
      0.251      0.250    17.2914   4.538982     4.2417     0.4055  0.000e+00
      0.251      0.250    17.3031   4.539706     4.2373     0.3811  0.000e+00
      0.868      0.861    17.3154   4.540380     4.2287     0.4055  0.000e+00
      0.868      0.861    17.3192   4.541310     4.2349     0.3323  0.000e+00
      0.251      0.250    17.3191   4.541521     4.2293     0.3201  0.000e+00
      0.251      0.250    17.3160   4.541649     4.2271     0.3323  0.000e+00
      0.251      0.250    17.3119   4.541515     4.2355     0.3323  0.000e+00
      0.251      0.250    17.2814   4.540970     4.2285     0.3201  0.000e+00
      0.251      0.250    17.2447   4.537963     4.2379     0.3323  0.000e+00
      0.251      0.250    17.2404   4.536821     4.2394     0.3201  0.000e+00
      0.251      0.250    17.2372   4.536571     4.2361     0.3201  0.000e+00
      0.251      0.250    17.2343   4.536341     4.2358     0.3811  0.000e+00
      0.251      0.250    17.2412   4.536257     4.2442     0.3811  0.000e+00
      0.868      0.861    17.2391   4.536693     4.2416     0.3811  0.000e+00
      0.251      0.250    17.2302   4.536187     4.2514     0.3933  0.000e+00
      0.868      0.861    17.2271   4.535764     4.2536     0.3689  0.000e+00
      0.868      0.861    17.2286   4.535642     4.2504     0.3933  0.000e+00
      0.251      0.250    17.2241   4.535584     4.2565     0.3933  0.000e+00
      0.868      0.861    17.2247   4.535418     4.2501     0.3689  0.000e+00
      0.868      0.861    17.2233   4.535386     4.2472     0.3933  0.000e+00
      0.868      0.861    17.2258   4.535302     4.2543     0.4055  0.000e+00
      0.251      0.250    17.2251   4.535219     4.2493     0.3933  0.000e+00
      0.868      0.861    17.2238   4.535123     4.2478     0.4055  0.000e+00
      0.868      0.861    17.2259   4.535091     4.2518     0.4055  0.000e+00
      0.868      0.861    17.2268   4.535302     4.2501     0.3933  0.000e+00
      0.251      0.250    17.2254   4.535257     4.2502     0.4055  0.000e+00
      0.868      0.861    17.2253   4.535245     4.2547     0.3933  0.000e+00
      0.868      0.861    17.2266   4.535328     4.2499     0.3933  0.000e+00
      0.868      0.861    17.2338   4.535514     4.2474     0.4055  0.000e+00
      0.868      0.861    17.2319   4.535764     4.2599     0.3689  0.000e+00
      0.868      0.861    17.2307   4.535764     4.2490     0.3811  0.000e+00
      0.251      0.250    17.2305   4.535667     4.2532     0.3933  0.000e+00
      0.868      0.861    17.2305   4.535623     4.2507     0.3689  0.000e+00
      0.251      0.250    17.2313   4.535514     4.2495     0.4055  0.000e+00
      0.868      0.861    17.2320   4.535514     4.2623     0.3933  0.000e+00
      0.868      0.861    17.2338   4.535642     4.2461     0.3811  0.000e+00
      0.868      0.861    17.2341   4.535680     4.2506     0.3933  0.000e+00
      0.868      0.861    17.2338   4.535623     4.2550     0.3811  0.000e+00
      0.251      0.250    17.2326   4.535680     4.2505     0.3689  0.000e+00
      0.868      0.861    17.2381   4.535642     4.2532     0.3811  0.000e+00
      0.251      0.250    17.2444   4.535763     4.2569     0.3689  0.000e+00
      0.251      0.250    17.2494   4.535808     4.2576     0.3689  0.000e+00
      0.251      0.250    17.2470   4.535795     4.2626     0.3811  0.000e+00
      0.868      0.861    17.2434   4.535257     4.2698     0.3567  0.000e+00
      0.251      0.250    17.2434   4.534924     4.2671     0.3811  0.000e+00
      0.251      0.250    17.2438   4.534539     4.2632     0.3933  0.000e+00
      0.251      0.250    17.2431   4.534949     4.2736     0.3811  0.000e+00
      0.868      0.861    17.2437   4.534879     4.2745     0.3811  0.000e+00
      0.868      0.861    17.2446   4.535046     4.2837     0.3933  0.000e+00
      0.251      0.250    17.2417   4.535090     4.2848     0.3811  0.000e+00
      0.251      0.250    17.2168   4.533398     4.2829     0.4055  0.000e+00
      0.868      0.861    17.1937   4.530483     4.2957     0.3933  0.000e+00
      0.251      0.250    17.1781   4.529112     4.2830     0.3811  0.000e+00
      0.868      0.861    17.1875   4.528542     4.2799     0.3933  0.000e+00
      0.868      0.861    17.1977   4.529765     4.2850     0.3201  0.000e+00
      0.251      0.250    17.1964   4.529938     4.2786     0.3079  0.000e+00
      0.251      0.250    17.1897   4.529176     4.2809     0.3201  0.000e+00
      0.251      0.250    17.1770   4.528247     4.2852     0.3079  0.000e+00
      0.251      0.250    17.1677   4.527280     4.2772     0.3079  0.000e+00
      0.868      0.861    17.1665   4.526690     4.2883     0.3201  0.000e+00
      0.868      0.861    17.1589   4.526556     4.2866     0.3079  0.000e+00
      0.251      0.250    17.1686   4.526267     4.2890     0.3201  0.000e+00
      0.868      0.861    17.1734   4.527196     4.2789     0.3445  0.000e+00
      0.868      0.861    17.1747   4.527068     4.2812     0.3323  0.000e+00
      0.868      0.861    17.1710   4.527658     4.2759     0.3567  0.000e+00
      0.868      0.861    17.1718   4.526812     4.2884     0.3567  0.000e+00
      0.868      0.861    17.1709   4.527408     4.2785     0.3445  0.000e+00
      0.868      0.861    17.1596   4.526050     4.2862     0.3567  0.000e+00
      0.868      0.861    17.1479   4.524878     4.2979     0.3567  0.000e+00
