tests/test3_bad_locations/c002.cnv
* Sea-Bird SBE25 Data File:
* FileName = C:\Users\seco1\Desktop\CAREVA0316\c002b.hex
* Software Version 1.59
* Temperature SN = 5117
* Conductivity SN = 3687
* System UpLoad Time = Mar 08 2016 12:12:47
** Ship: Vizconde de Eza
** Cruise: Careva0316
** Station:26
** Cast:2
** Latitude:44 15.089 N
** Longitude:001 43.611 W
** Date:08/03/2016
** Time GMT:11:40
** Depth:116
# nquan = 8
# nvalues = 207                         
# units = specified
# name 0 = prSM: Pressure, Strain Gauge [db]
# name 1 = t090C: Temperature [ITS-90, deg C]
# name 2 = c0S/m: Conductivity [S/m]
# name 3 = sbeox0ML/L: Oxygen, SBE 43 [ml/l]
# name 4 = flECO-AFL: Fluorescence, WET Labs ECO-AFL/FL [mg/m^3]
# name 5 = turbWETntu0: Turbidity, WET Labs ECO [NTU]
# name 6 = sal00: Salinity, Practical [PSU]
# name 7 = flag: flag
# span 0 =      1.000,    104.000       
# span 1 =    12.3176,    13.3217       
# span 2 =   4.030536,   4.192418       
# span 3 =    5.45109,    5.84714       
# span 4 =     0.3375,     1.3630       
# span 5 =     0.1468,     0.2865       
# span 6 =    34.9925,    35.5846       
# span 7 = 0.0000e+00, 0.0000e+00       
# interval = decibars: 1                
# start_time = Mar 09 2016 12:50:08 [Instrument's time stamp, header]
# bad_flag = -9.990e-29
*END*
      1.000    12.3575   4.033592    5.45109     0.5234     0.1749    34.9925 0.0000e+00
      2.000    12.3408   4.032677    5.84714     0.5644     0.1779    34.9988 0.0000e+00
      3.000    12.3354   4.032074    5.81081     0.6082     0.1778    34.9975 0.0000e+00
      4.000    12.3314   4.031639    5.79957     0.6716     0.1784    34.9967 0.0000e+00
      5.000    12.3278   4.031348    5.80545     0.7671     0.1771    34.9968 0.0000e+00
      6.000    12.3265   4.031221    5.81916     0.8277     0.1749    34.9963 0.0000e+00
      7.000    12.3239   4.031002    5.82911     0.8900     0.1738    34.9962 0.0000e+00
      8.000    12.3242   4.031091    5.81441     0.9218     0.1753    34.9963 0.0000e+00
      9.000    12.3239   4.031182    5.80590     1.0047     0.1776    34.9971 0.0000e+00
     10.000    12.3252   4.031370    5.81744     0.9838     0.1778    34.9972 0.0000e+00
     11.000    12.3246   4.031364    5.81227     1.0009     0.1762    34.9973 0.0000e+00
     12.000    12.3250   4.031488    5.80389     1.0385     0.1699    34.9977 0.0000e+00
     13.000    12.3247   4.031508    5.80546     1.0323     0.1771    34.9977 0.0000e+00
     14.000    12.3257   4.031708    5.80855     1.0710     0.1779    34.9983 0.0000e+00
     15.000    12.3285   4.032083    5.80707     1.0774     0.1788    34.9988 0.0000e+00
     16.000    12.3309   4.032547    5.80750     1.0659     0.1780    35.0007 0.0000e+00
     17.000    12.3352   4.033218    5.80293     1.0893     0.1751    35.0028 0.0000e+00
     18.000    12.3345   4.033245    5.79898     1.1233     0.1730    35.0032 0.0000e+00
     19.000    12.3379   4.033813    5.80856     1.0516     0.1725    35.0052 0.0000e+00
     20.000    12.3452   4.034796    5.80676     1.0520     0.1728    35.0074 0.0000e+00
     21.000    12.3509   4.035681    5.80282     1.0375     0.1772    35.0102 0.0000e+00
     22.000    12.3572   4.036436    5.79861     1.0207     0.1739    35.0112 0.0000e+00
     23.000    12.3603   4.036970    5.79452     1.0083     0.1756    35.0130 0.0000e+00
     24.000    12.3704   4.038308    5.79930     1.0021     0.1761    35.0161 0.0000e+00
     25.000    12.3865   4.040773    5.77614     1.0866     0.1757    35.0245 0.0000e+00
     26.000    12.4090   4.044253    5.77446     0.9962     0.1735    35.0367 0.0000e+00
     27.000    12.4791   4.056994    5.76827     0.9695     0.1734    35.0939 0.0000e+00
     28.000    12.5680   4.068348    5.75866     0.9146     0.1728    35.1199 0.0000e+00
     29.000    12.6490   4.079750    5.75319     0.8787     0.1688    35.1537 0.0000e+00
     30.000    12.7243   4.090846    5.74682     0.8447     0.1644    35.1897 0.0000e+00
     31.000    12.7694   4.097567    5.73846     0.8746     0.1598    35.2117 0.0000e+00
     32.000    12.8052   4.103787    5.72573     0.8072     0.1552    35.2375 0.0000e+00
     33.000    12.8628   4.113905    5.72010     0.7906     0.1528    35.2804 0.0000e+00
     34.000    12.8900   4.117495    5.71444     0.7631     0.1516    35.2889 0.0000e+00
     35.000    12.9186   4.122484    5.69494     0.6791     0.1527    35.3095 0.0000e+00
     36.000    12.9272   4.124085    5.66855     0.6995     0.1664    35.3164 0.0000e+00
     37.000    12.9403   4.126471    5.65807     0.7127     0.1503    35.3265 0.0000e+00
     38.000    12.9553   4.129386    5.66908     0.9328     0.1557    35.3399 0.0000e+00
     39.000    13.0038   4.137649    5.65516     0.6792     0.1547    35.3731 0.0000e+00
     40.000    13.0566   4.146218    5.63108     0.5560     0.1548    35.4052 0.0000e+00
     41.000    13.1047   4.154712    5.62560     0.5604     0.1524    35.4409 0.0000e+00
     42.000    13.1521   4.162157    5.62251     0.5477     0.1531    35.4670 0.0000e+00
     43.000    13.2066   4.170291    5.61785     0.5097     0.1539    35.4931 0.0000e+00
     44.000    13.2314   4.173840    5.61137     0.4945     0.1497    35.5033 0.0000e+00
     45.000    13.2438   4.175851    5.61272     0.5064     0.1511    35.5103 0.0000e+00
     46.000    13.2529   4.177273    5.59497     0.4531     0.1547    35.5150 0.0000e+00
     47.000    13.2499   4.177183    5.58920     0.4278     0.1526    35.5165 0.0000e+00
     48.000    13.2631   4.179592    5.58287     0.4133     0.1567    35.5266 0.0000e+00
     49.000    13.2814   4.182325    5.58716     0.3852     0.1539    35.5350 0.0000e+00
     50.000    13.3003   4.185056    5.58689     0.3697     0.1549    35.5429 0.0000e+00
     51.000    13.3091   4.186018    5.57659     0.3638     0.1572    35.5433 0.0000e+00
     52.000    13.3008   4.184657    5.57408     0.4206     0.1557    35.5377 0.0000e+00
     53.000    13.2710   4.181184    5.58920     0.3713     0.1554    35.5322 0.0000e+00
     54.000    13.2414   4.177429    5.59442     0.3860     0.1581    35.5237 0.0000e+00
     55.000    13.2230   4.175558    5.58718     0.4387     0.1613    35.5227 0.0000e+00
     56.000    13.2297   4.176743    5.57197     0.5065     0.1608    35.5273 0.0000e+00
     57.000    13.2529   4.179892    5.56426     0.5316     0.1600    35.5351 0.0000e+00
     58.000    13.2690   4.182029    5.56210     0.4926     0.1619    35.5400 0.0000e+00
     59.000    13.2956   4.186035    5.56519     0.4642     0.1626    35.5527 0.0000e+00
     60.000    13.3040   4.186967    5.57456     0.4374     0.1642    35.5532 0.0000e+00
     61.000    13.3029   4.186852    5.58723     0.3841     0.1671    35.5528 0.0000e+00
     62.000    13.2904   4.185448    5.59382     0.3824     0.1666    35.5507 0.0000e+00
     63.000    13.2878   4.185398    5.59324     0.3749     0.1660    35.5522 0.0000e+00
     64.000    13.2940   4.186268    5.59620     0.3734     0.1639    35.5543 0.0000e+00
     65.000    13.2925   4.186205    5.57680     0.3753     0.1624    35.5546 0.0000e+00
     66.000    13.2893   4.185885    5.56705     0.3576     0.1630    35.5541 0.0000e+00
     67.000    13.2862   4.185632    5.57989     0.3694     0.1646    35.5542 0.0000e+00
     68.000    13.2861   4.185688    5.58522     0.3815     0.1648    35.5544 0.0000e+00
     69.000    13.2805   4.185066    5.58613     0.3883     0.1635    35.5533 0.0000e+00
     70.000    13.2791   4.185268    5.58426     0.3886     0.1627    35.5561 0.0000e+00
     71.000    13.2816   4.185731    5.58794     0.3847     0.1615    35.5578 0.0000e+00
     72.000    13.2826   4.186018    5.58614     0.3877     0.1613    35.5591 0.0000e+00
     73.000    13.2854   4.186553    5.57716     0.3714     0.1666    35.5611 0.0000e+00
     74.000    13.2907   4.187291    5.57343     0.4240     0.1678    35.5628 0.0000e+00
     75.000    13.2923   4.187595    5.58995     0.5792     0.1612    35.5637 0.0000e+00
     76.000    13.3042   4.189278    5.58947     0.4151     0.1596    35.5681 0.0000e+00
     77.000    13.3217   4.191539    5.58482     0.3966     0.1585    35.5729 0.0000e+00
     78.000    13.3197   4.191432    5.58117     0.3759     0.1685    35.5733 0.0000e+00
     79.000    13.3146   4.190947    5.58714     0.3576     0.1748    35.5729 0.0000e+00
     80.000    13.3154   4.191305    5.59300     0.3577     0.1775    35.5752 0.0000e+00
     81.000    13.3157   4.191450    5.59863     0.3719     0.1790    35.5759 0.0000e+00
     82.000    13.3125   4.191367    5.57437     0.3747     0.1847    35.5777 0.0000e+00
     83.000    13.3109   4.191410    5.56055     0.3771     0.1967    35.5791 0.0000e+00
     84.000    13.3113   4.191582    5.55830     0.3906     0.2033    35.5799 0.0000e+00
     85.000    13.3112   4.191705    5.56126     0.3810     0.2055    35.5808 0.0000e+00
     86.000    13.3115   4.191813    5.56275     0.3661     0.2091    35.5812 0.0000e+00
     87.000    13.3098   4.191776    5.55600     0.3981     0.2169    35.5819 0.0000e+00
     88.000    13.3085   4.191768    5.56421     0.4016     0.2251    35.5827 0.0000e+00
     89.000    13.3086   4.191849    5.57276     0.4011     0.2350    35.5829 0.0000e+00
     90.000    13.3086   4.191940    5.56462     0.4287     0.2451    35.5833 0.0000e+00
     91.000    13.3088   4.192010    5.53224     0.4045     0.2370    35.5834 0.0000e+00
     92.000    13.3090   4.192100    5.52477     0.4360     0.2421    35.5836 0.0000e+00
     93.000    13.3089   4.192150    5.53499     0.4313     0.2471    35.5837 0.0000e+00
     94.000    13.3088   4.192241    5.54587     0.3882     0.2602    35.5842 0.0000e+00
     95.000    13.3087   4.192324    5.55103     0.3965     0.2598    35.5846 0.0000e+00
     96.000    13.3087   4.192339    5.56130     0.3929     0.2607    35.5844 0.0000e+00
     97.000    13.3086   4.192389    5.56614     0.3761     0.2648    35.5845 0.0000e+00
     98.000    13.3082   4.192387    5.56897     0.3721     0.2657    35.5845 0.0000e+00
     99.000    13.3081   4.192418    5.56668     0.4014     0.2670    35.5844 0.0000e+00
    100.000    13.3074   4.192378    5.55100     0.4188     0.2743    35.5843 0.0000e+00
    101.000    13.3067   4.192361    5.53805     0.4247     0.2766    35.5844 0.0000e+00
    102.000    13.3061   4.192325    5.52955     0.4243     0.2796    35.5841 0.0000e+00
    103.000    13.3042   4.192169    5.51125     0.4167     0.2784    35.5840 0.0000e+00
    104.000    13.3024   4.192045    5.52586     0.4311     0.2865    35.5841 0.0000e+00
    103.000    13.3033   4.192070    5.52520     0.3950     0.2799    35.5839 0.0000e+00
    102.000    13.3049   4.192190    5.53107     0.3791     0.2790    35.5840 0.0000e+00
    101.000    13.3058   4.192241    5.53185     0.4051     0.2822    35.5840 0.0000e+00
    100.000    13.3064   4.192245    5.53722     0.4115     0.2825    35.5839 0.0000e+00
     99.000    13.3071   4.192270    5.53744     0.4041     0.2843    35.5839 0.0000e+00
     98.000    13.3074   4.192258    5.53350     0.3996     0.2846    35.5840 0.0000e+00
     97.000    13.3079   4.192272    5.52564     0.4040     0.2778    35.5841 0.0000e+00
     96.000    13.3084   4.192254    5.52794     0.4027     0.2799    35.5839 0.0000e+00
     95.000    13.3084   4.192243    5.53017     0.3993     0.2788    35.5842 0.0000e+00
     94.000    13.3087   4.192176    5.52415     0.4273     0.2738    35.5838 0.0000e+00
     93.000    13.3086   4.192136    5.52587     0.4688     0.2690    35.5838 0.0000e+00
     92.000    13.3086   4.192081    5.52530     0.4747     0.2585    35.5838 0.0000e+00
     91.000    13.3088   4.192021    5.52741     0.4223     0.2536    35.5835 0.0000e+00
     90.000    13.3086   4.191932    5.52860     0.4240     0.2820    35.5833 0.0000e+00
     89.000    13.3087   4.191904    5.52212     0.4204     0.2688    35.5833 0.0000e+00
     88.000    13.3085   4.191810    5.52112     0.4115     0.2523    35.5831 0.0000e+00
     87.000    13.3087   4.191702    5.52715     0.4131     0.2476    35.5822 0.0000e+00
     86.000    13.3098   4.191688    5.52857     0.3840     0.2467    35.5815 0.0000e+00
     85.000    13.3110   4.191693    5.53145     0.4217     0.2386    35.5809 0.0000e+00
     84.000    13.3113   4.191620    5.53257     0.4340     0.2366    35.5803 0.0000e+00
     83.000    13.3112   4.191518    5.52466     0.4231     0.2315    35.5798 0.0000e+00
     82.000    13.3108   4.191312    5.53452     0.4184     0.2230    35.5787 0.0000e+00
     81.000    13.3119   4.191250    5.53452     0.4163     0.2146    35.5775 0.0000e+00
     80.000    13.3134   4.191197    5.53968     0.4191     0.2031    35.5760 0.0000e+00
     79.000    13.3142   4.191171    5.54256     0.4153     0.1945    35.5755 0.0000e+00
     78.000    13.3142   4.190993    5.53699     0.3766     0.1882    35.5742 0.0000e+00
     77.000    13.3169   4.191155    5.54029     0.3375     0.1786    35.5737 0.0000e+00
     76.000    13.3173   4.191065    5.53970     0.3713     0.1759    35.5728 0.0000e+00
     75.000    13.3119   4.190195    5.54461     0.3485     0.1745    35.5701 0.0000e+00
     74.000    13.3044   4.189175    5.55676     0.3607     0.1718    35.5678 0.0000e+00
     73.000    13.2976   4.188192    5.55294     0.3689     0.1661    35.5654 0.0000e+00
     72.000    13.2925   4.187370    5.54904     0.3653     0.1645    35.5627 0.0000e+00
     71.000    13.2877   4.186699    5.55553     0.3992     0.1581    35.5613 0.0000e+00
     70.000    13.2847   4.186176    5.55627     0.3857     0.1587    35.5595 0.0000e+00
     69.000    13.2826   4.185726    5.56017     0.3654     0.1580    35.5576 0.0000e+00
     68.000    13.2813   4.185356    5.56337     0.3734     0.1565    35.5557 0.0000e+00
     67.000    13.2822   4.185338    5.57216     0.3654     0.1584    35.5552 0.0000e+00
     66.000    13.2832   4.185367    5.57530     0.3780     0.1594    35.5549 0.0000e+00
     65.000    13.2849   4.185457    5.56586     0.3764     0.1627    35.5546 0.0000e+00
     64.000    13.2876   4.185739    5.56710     0.3737     0.1603    35.5552 0.0000e+00
     63.000    13.2908   4.185951    5.56958     0.3740     0.1601    35.5547 0.0000e+00
     62.000    13.2888   4.185564    5.55647     0.3750     0.1621    35.5533 0.0000e+00
     61.000    13.2898   4.185492    5.55106     0.3700     0.1597    35.5520 0.0000e+00
     60.000    13.2968   4.186218    5.56104     0.3746     0.1603    35.5529 0.0000e+00
     59.000    13.3012   4.186621    5.56616     0.3592     0.1658    35.5530 0.0000e+00
     58.000    13.2966   4.185712    5.56213     0.3727     0.1667    35.5491 0.0000e+00
     57.000    13.2918   4.185102    5.56647     0.4066     0.1637    35.5482 0.0000e+00
     56.000    13.2628   4.181282    5.55840     0.4491     0.1609    35.5395 0.0000e+00
     55.000    13.2406   4.178186    5.54864     0.4601     0.1617    35.5313 0.0000e+00
     54.000    13.2326   4.176926    5.54765     0.7975     0.1586    35.5272 0.0000e+00
     53.000    13.2274   4.176078    5.54631     0.6758     0.1581    35.5245 0.0000e+00
     52.000    13.2374   4.177335    5.55539     0.4755     0.1594    35.5275 0.0000e+00
     51.000    13.2585   4.179713    5.57080     0.4503     0.1582    35.5307 0.0000e+00
     50.000    13.2898   4.183500    5.57056     0.4199     0.1588    35.5379 0.0000e+00
     49.000    13.3040   4.185167    5.56585     0.3954     0.1592    35.5409 0.0000e+00
     48.000    13.3049   4.185325    5.56697     0.3700     0.1576    35.5420 0.0000e+00
     47.000    13.2988   4.184284    5.55938     0.3837     0.1546    35.5382 0.0000e+00
     46.000    13.2633   4.179037    5.53821     0.4365     0.1511    35.5220 0.0000e+00
     45.000    13.2548   4.177595    5.53937     0.4292     0.1508    35.5167 0.0000e+00
     44.000    13.2520   4.176822    5.53919     0.4127     0.1512    35.5123 0.0000e+00
     43.000    13.2409   4.175135    5.53084     0.4422     0.1530    35.5071 0.0000e+00
     42.000    13.2398   4.174949    5.52973     0.4458     0.1526    35.5068 0.0000e+00
     41.000    13.2190   4.171438    5.54252     0.4624     0.1505    35.4933 0.0000e+00
     40.000    13.1740   4.164496    5.56817     0.5241     0.1506    35.4698 0.0000e+00
     39.000    13.1348   4.158048    5.58160     0.5360     0.1500    35.4454 0.0000e+00
     38.000    13.0684   4.146859    5.57437     0.6296     0.1479    35.4012 0.0000e+00
     37.000    13.0251   4.139315    5.58465     0.5884     0.1471    35.3701 0.0000e+00
     36.000    12.9600   4.129314    5.60789     0.5678     0.1468    35.3357 0.0000e+00
     35.000    12.9461   4.126657    5.61487     0.5950     0.1532    35.3237 0.0000e+00
     34.000    12.9314   4.124015    5.61401     0.6122     0.1512    35.3126 0.0000e+00
     33.000    12.9152   4.121013    5.61133     0.6217     0.1506    35.2994 0.0000e+00
     32.000    12.8848   4.115982    5.61654     0.6196     0.1537    35.2801 0.0000e+00
     31.000    12.8322   4.107350    5.62850     0.6660     0.1530    35.2469 0.0000e+00
     30.000    12.7799   4.099397    5.64808     0.7288     0.1496    35.2199 0.0000e+00
     29.000    12.7691   4.097090    5.66501     0.7662     0.1481    35.2082 0.0000e+00
