tests/test3_bad_locations/c002.cnv
* Sea-Bird SBE25 Data File:
* FileName = C:\Users\seco1\Desktop\CAREVA0316\c002b.hex
* Software Version 1.59
* Temperature SN = 5117
* Conductivity SN = 3687
* System UpLoad Time = Mar 08 2016 12:12:47
** Ship: Vizconde de Eza
** Cruise: Careva0316
** Station:26
** Cast:2
** Latitude:44 15.089 N
** Longitude:001 43.611 W
** Date:08/03/2016
** Time GMT:11:40
** Depth:116
# nquan = 8
# nvalues = 207                         
# units = specified
# name 0 = prSM: Pressure, Strain Gauge [db]
# name 1 = t090C: Temperature [ITS-90, deg C]
# name 2 = c0S/m: Conductivity [S/m]
# name 3 = sbeox0ML/L: Oxygen, SBE 43 [ml/l]
# name 4 = flECO-AFL: Fluorescence, WET Labs ECO-AFL/FL [mg/m^3]
# name 5 = turbWETntu0: Turbidity, WET Labs ECO [NTU]
# name 6 = sal00: Salinity, Practical [PSU]
# name 7 = flag: flag
# span 0 =      1.000,    104.000       
# span 1 =    12.3176,    13.3217       
# span 2 =   4.030536,   4.192418       
# span 3 =    5.45109,    5.84714       
# span 4 =     0.3375,     1.3630       
# span 5 =     0.1468,     0.2865       
# span 6 =    34.9925,    35.5846       
# span 7 = 0.0000e+00, 0.0000e+00       
# interval = decibars: 1                
# start_time = Mar 09 2016 12:50:08 [Instrument's time stamp, header]
# bad_flag = -9.990e-29
*END*
[from data line 180]
     27.000    12.6449   4.078269    5.69457     0.8533     0.1622    35.1442 0.0000e+00
     26.000    12.5975   4.071041    5.69990     0.8847     0.1617    35.1193 0.0000e+00
     25.000    12.5605   4.065682    5.70818     0.8885     0.1618    35.1026 0.0000e+00
     24.000    12.5360   4.061488    5.71781     1.0842     0.1615    35.0854 0.0000e+00
     23.000    12.5039   4.056650    5.72191     1.0446     0.1629    35.0691 0.0000e+00
     22.000    12.4150   4.044023    5.72927     0.9705     0.1704    35.0306 0.0000e+00
     21.000    12.3828   4.039749    5.74394     1.0802     0.1745    35.0197 0.0000e+00
     20.000    12.3587   4.036345    5.73926     1.0543     0.1663    35.0097 0.0000e+00
     19.000    12.3498   4.035124    5.75578     1.0338     0.1690    35.0067 0.0000e+00
     18.000    12.3421   4.033935    5.76403     1.0247     0.1701    35.0028 0.0000e+00
     17.000    12.3340   4.032948    5.76684     1.0190     0.1704    35.0012 0.0000e+00
     16.000    12.3263   4.031810    5.76637     1.0807     0.1703    34.9979 0.0000e+00
     15.000    12.3228   4.031397    5.76427     1.1018     0.1695    34.9976 0.0000e+00
     14.000    12.3218   4.031116    5.76983     1.1268     0.1730    34.9962 0.0000e+00
     13.000    12.3213   4.031107    5.78074     1.1248     0.1747    34.9970 0.0000e+00
     12.000    12.3208   4.031022    5.78117     1.1111     0.1750    34.9970 0.0000e+00
     11.000    12.3192   4.030744    5.77768     1.0610     0.1738    34.9963 0.0000e+00
     10.000    12.3178   4.030591    5.78686     1.1044     0.1710    34.9966 0.0000e+00
      9.000    12.3176   4.030536    5.78812     1.3630     0.1712    34.9967 0.0000e+00
      8.000    12.3186   4.030590    5.78140     1.0800     0.1754    34.9968 0.0000e+00
      7.000    12.3208   4.030698    5.76923     1.0657     0.1737    34.9961 0.0000e+00
      6.000    12.3205   4.030686    5.76239     1.0574     0.1741    34.9967 0.0000e+00
      5.000    12.3236   4.031006    5.77008     0.9801     0.1786    34.9974 0.0000e+00
      4.000    12.3282   4.031504    5.78923     0.9030     0.1733    34.9983 0.0000e+00
      3.000    12.3325   4.031909    5.76382     0.8353     0.1778    34.9986 0.0000e+00
      2.000    12.3365   4.032171    5.77892     0.8310     0.1759    34.9979 0.0000e+00
      1.000    12.3498   4.033637    5.78303     0.7440     0.1723    35.0001 0.0000e+00
