tests/test3_bad_locations/c003.cnv
* Sea-Bird SBE25 Data File:
* FileName = C:\Users\seco1\Desktop\CAREVA0316\c003.hex
* Software Version 1.59
* Temperature SN = 5117
* Conductivity SN = 3687
* System UpLoad Time = Mar 08 2016 16:09:15
** Ship: Vizconde de Eza
** Cruise: Careva0316
** Station:27
** Cast:3
** Latitude:44 15.218 N
** Longitude:002 09.187 W
** Date:08/03/2016
** Time GMT:14:15
** Depth:939
# nquan = 8
# nvalues = 403                         
# units = specified
# name 0 = prSM: Pressure, Strain Gauge [db]
# name 1 = t090C: Temperature [ITS-90, deg C]
# name 2 = c0S/m: Conductivity [S/m]
# name 3 = sbeox0ML/L: Oxygen, SBE 43 [ml/l]
# name 4 = flECO-AFL: Fluorescence, WET Labs ECO-AFL/FL [mg/m^3]
# name 5 = turbWETntu0: Turbidity, WET Labs ECO [NTU]
# name 6 = sal00: Salinity, Practical [PSU]
# name 7 = flag: flag
# span 0 =      1.000,    202.000       
# span 1 =    12.1005,    13.3166       
# span 2 =   4.081853,   4.189834       
# span 3 =    5.05002,    5.77533       
# span 4 =     0.0395,     0.9739       
# span 5 =     0.1206,     0.1460       
# span 6 =    35.5209,    35.6161       
# span 7 = 0.0000e+00, 0.0000e+00       
# interval = decibars: 1                
# start_time = Mar 09 2016 16:52:26 [Instrument's time stamp, header]
# bad_flag = -9.990e-29
*END*
[from data line 360]
     43.000    13.0570   4.167270    5.60875     0.8404     0.1324    35.6046 0.0000e+00
     42.000    13.0585   4.167383    5.59491     0.8188     0.1345    35.6047 0.0000e+00
     41.000    13.0612   4.167658    5.59073     0.8054     0.1347    35.6052 0.0000e+00
     40.000    13.0637   4.167820    5.59877     0.8371     0.1334    35.6049 0.0000e+00
     39.000    13.0650   4.167923    5.60482     0.8499     0.1360    35.6051 0.0000e+00
     38.000    13.0662   4.168002    5.61108     0.8640     0.1331    35.6051 0.0000e+00
     37.000    13.0678   4.168099    5.59899     0.8452     0.1336    35.6050 0.0000e+00
     36.000    13.0694   4.168204    5.57526     0.9067     0.1410    35.6050 0.0000e+00
     35.000    13.0700   4.168228    5.58129     0.8718     0.1379    35.6050 0.0000e+00
     34.000    13.0716   4.168350    5.59142     0.8281     0.1332    35.6051 0.0000e+00
     33.000    13.0720   4.168301    5.60747     0.8244     0.1324    35.6047 0.0000e+00
     32.000    13.0722   4.168302    5.62551     0.8365     0.1315    35.6050 0.0000e+00
     31.000    13.0725   4.168289    5.62613     0.8324     0.1315    35.6050 0.0000e+00
     30.000    13.0730   4.168270    5.61204     0.8283     0.1326    35.6048 0.0000e+00
     29.000    13.0731   4.168273    5.58916     0.8374     0.1348    35.6051 0.0000e+00
     28.000    13.0736   4.168234    5.55862     0.8338     0.1341    35.6048 0.0000e+00
     27.000    13.0739   4.168243    5.54542     0.8471     0.1338    35.6049 0.0000e+00
     26.000    13.0741   4.168235    5.56407     0.8177     0.1327    35.6052 0.0000e+00
     25.000    13.0760   4.168337    5.58532     0.8444     0.1332    35.6048 0.0000e+00
     24.000    13.0773   4.168422    5.50811     0.8481     0.1326    35.6048 0.0000e+00
     23.000    13.0775   4.168395    5.50912     0.8377     0.1331    35.6048 0.0000e+00
     22.000    13.0782   4.168430    5.52249     0.7849     0.1326    35.6048 0.0000e+00
     21.000    13.0790   4.168461    5.51608     0.8026     0.1353    35.6049 0.0000e+00
     20.000    13.0814   4.168650    5.52182     0.7892     0.1339    35.6048 0.0000e+00
     19.000    13.0845   4.168886    5.55162     0.8020     0.1345    35.6046 0.0000e+00
     18.000    13.0872   4.169089    5.55657     0.8066     0.1343    35.6044 0.0000e+00
     17.000    13.0894   4.169264    5.55521     0.7788     0.1336    35.6045 0.0000e+00
     16.000    13.0912   4.169389    5.55850     0.7632     0.1345    35.6045 0.0000e+00
     15.000    13.0940   4.169629    5.57137     0.7814     0.1355    35.6045 0.0000e+00
     14.000    13.0956   4.169813    5.61067     0.7852     0.1346    35.6052 0.0000e+00
     13.000    13.0967   4.169826    5.60895     0.7177     0.1353    35.6047 0.0000e+00
     12.000    13.0967   4.169814    5.60111     0.7310     0.1351    35.6050 0.0000e+00
     11.000    13.1023   4.170277    5.60325     0.7164     0.1347    35.6047 0.0000e+00
     10.000    13.1058   4.170572    5.60886     0.6995     0.1340    35.6046 0.0000e+00
      9.000    13.1121   4.171164    5.60684     0.6614     0.1339    35.6048 0.0000e+00
      8.000    13.1173   4.171608    5.60200     0.6665     0.1343    35.6045 0.0000e+00
      7.000    13.1208   4.171985    5.59056     0.7080     0.1341    35.6053 0.0000e+00
      6.000    13.1263   4.172507    5.59887     0.7037     0.1358    35.6056 0.0000e+00
      5.000    13.1333   4.173151    5.60859     0.6888     0.1339    35.6055 0.0000e+00
      4.000    13.1428   4.174083    5.59813     0.6757     0.1332    35.6060 0.0000e+00
      3.000    13.1579   4.175435    5.59398     0.6304     0.1337    35.6050 0.0000e+00
      2.000    13.1852   4.177848    5.58997     0.6439     0.1342    35.6029 0.0000e+00
      1.000    13.2303   4.182003    5.57599     0.6096     0.1342    35.6005 0.0000e+00
