tests/test3_bad_locations/c003.cnv
* Sea-Bird SBE25 Data File:
* FileName = C:\Users\seco1\Desktop\CAREVA0316\c003.hex
* Software Version 1.59
* Temperature SN = 5117
* Conductivity SN = 3687
* System UpLoad Time = Mar 08 2016 16:09:15
** Ship: Vizconde de Eza
** Cruise: Careva0316
** Station:27
** Cast:3
** Latitude:44 15.218 N
** Longitude:002 09.187 W
** Date:08/03/2016
** Time GMT:14:15
** Depth:939
# nquan = 8
# nvalues = 403                         
# units = specified
# name 0 = prSM: Pressure, Strain Gauge [db]
# name 1 = t090C: Temperature [ITS-90, deg C]
# name 2 = c0S/m: Conductivity [S/m]
# name 3 = sbeox0ML/L: Oxygen, SBE 43 [ml/l]
# name 4 = flECO-AFL: Fluorescence, WET Labs ECO-AFL/FL [mg/m^3]
# name 5 = turbWETntu0: Turbidity, WET Labs ECO [NTU]
# name 6 = sal00: Salinity, Practical [PSU]
# name 7 = flag: flag
# span 0 =      1.000,    202.000       
# span 1 =    12.1005,    13.3166       
# span 2 =   4.081853,   4.189834       
# span 3 =    5.05002,    5.77533       
# span 4 =     0.0395,     0.9739       
# span 5 =     0.1206,     0.1460       
# span 6 =    35.5209,    35.6161       
# span 7 = 0.0000e+00, 0.0000e+00       
# interval = decibars: 1                
# start_time = Mar 09 2016 16:52:26 [Instrument's time stamp, header]
# bad_flag = -9.990e-29
*END*
      1.000    13.3166   4.182122    5.77533     0.4623     0.1460    35.5209 0.0000e+00
      2.000    13.2356   4.178572    5.29963     0.5139     0.1318    35.5626 0.0000e+00
      3.000    13.3045   4.189834    5.58461     0.4964     0.1329    35.6046 0.0000e+00
      4.000    13.1445   4.174098    5.63094     0.4734     0.1326    35.6045 0.0000e+00
      5.000    13.1283   4.172723    5.65584     0.5629     0.1349    35.6062 0.0000e+00
      6.000    13.1223   4.172148    5.66803     0.6072     0.1347    35.6059 0.0000e+00
      7.000    13.1205   4.171958    5.66640     0.6342     0.1364    35.6053 0.0000e+00
      8.000    13.1153   4.171445    5.65830     0.6685     0.1365    35.6049 0.0000e+00
      9.000    13.1092   4.170900    5.65019     0.6839     0.1370    35.6049 0.0000e+00
     10.000    13.1072   4.170743    5.59642     0.7016     0.1385    35.6050 0.0000e+00
     11.000    13.1045   4.170516    5.50600     0.6919     0.1356    35.6049 0.0000e+00
     12.000    13.1006   4.170201    5.40567     0.7173     0.1339    35.6051 0.0000e+00
     13.000    13.0988   4.170082    5.45275     0.7411     0.1336    35.6052 0.0000e+00
     14.000    13.0973   4.170018    5.54906     0.7300     0.1348    35.6056 0.0000e+00
     15.000    13.0955   4.169870    5.62600     0.7271     0.1332    35.6054 0.0000e+00
     16.000    13.0949   4.169855    5.65226     0.7309     0.1354    35.6054 0.0000e+00
     17.000    13.0940   4.169820    5.65902     0.7321     0.1367    35.6055 0.0000e+00
     18.000    13.0932   4.169740    5.65530     0.7670     0.1382    35.6050 0.0000e+00
     19.000    13.0917   4.169626    5.66214     0.7513     0.1374    35.6049 0.0000e+00
     20.000    13.0892   4.169428    5.66619     0.7446     0.1335    35.6050 0.0000e+00
     21.000    13.0883   4.169386    5.64558     0.7510     0.1345    35.6050 0.0000e+00
     22.000    13.0879   4.169395    5.64540     0.7350     0.1335    35.6050 0.0000e+00
     23.000    13.0864   4.169293    5.64630     0.7318     0.1343    35.6050 0.0000e+00
     24.000    13.0818   4.168898    5.65149     0.7507     0.1345    35.6052 0.0000e+00
     25.000    13.0797   4.168768    5.65668     0.7526     0.1337    35.6054 0.0000e+00
     26.000    13.0783   4.168656    5.65559     0.7754     0.1333    35.6052 0.0000e+00
     27.000    13.0768   4.168601    5.65046     0.7947     0.1371    35.6057 0.0000e+00
     28.000    13.0755   4.168493    5.64480     0.8154     0.1370    35.6054 0.0000e+00
     29.000    13.0756   4.168560    5.60743     0.8494     0.1356    35.6056 0.0000e+00
     30.000    13.0753   4.168564    5.55714     0.8531     0.1416    35.6054 0.0000e+00
     31.000    13.0743   4.168511    5.49004     0.8582     0.1402    35.6054 0.0000e+00
     32.000    13.0725   4.168384    5.51859     0.8439     0.1360    35.6055 0.0000e+00
     33.000    13.0711   4.168335    5.58327     0.8301     0.1320    35.6059 0.0000e+00
     34.000    13.0708   4.168335    5.63310     0.8293     0.1356    35.6057 0.0000e+00
     35.000    13.0695   4.168255    5.65590     0.8408     0.1331    35.6057 0.0000e+00
     36.000    13.0691   4.168243    5.65578     0.8411     0.1349    35.6056 0.0000e+00
     37.000    13.0678   4.168183    5.65185     0.8200     0.1344    35.6058 0.0000e+00
     38.000    13.0679   4.168176    5.64379     0.8190     0.1341    35.6052 0.0000e+00
     39.000    13.0661   4.168080    5.64175     0.8192     0.1334    35.6055 0.0000e+00
     40.000    13.0652   4.168037    5.64302     0.8089     0.1344    35.6055 0.0000e+00
     41.000    13.0650   4.168045    5.63004     0.8162     0.1346    35.6054 0.0000e+00
     42.000    13.0643   4.168066    5.57075     0.8310     0.1351    35.6057 0.0000e+00
     43.000    13.0641   4.168079    5.56642     0.8348     0.1351    35.6057 0.0000e+00
     44.000    13.0640   4.168113    5.56912     0.8145     0.1333    35.6056 0.0000e+00
     45.000    13.0640   4.168159    5.56616     0.8078     0.1325    35.6056 0.0000e+00
     46.000    13.0632   4.168108    5.55716     0.7894     0.1343    35.6055 0.0000e+00
     47.000    13.0617   4.168000    5.57645     0.8157     0.1352    35.6055 0.0000e+00
     48.000    13.0605   4.167890    5.61546     0.7776     0.1346    35.6051 0.0000e+00
     49.000    13.0591   4.167843    5.62663     0.8153     0.1338    35.6055 0.0000e+00
     50.000    13.0589   4.167873    5.64429     0.8180     0.1339    35.6056 0.0000e+00
     51.000    13.0590   4.167897    5.65338     0.8047     0.1336    35.6053 0.0000e+00
     52.000    13.0568   4.167712    5.65266     0.8041     0.1326    35.6051 0.0000e+00
     53.000    13.0530   4.167379    5.64233     0.8303     0.1345    35.6051 0.0000e+00
     54.000    13.0525   4.167421    5.63603     0.8170     0.1348    35.6056 0.0000e+00
     55.000    13.0525   4.167457    5.63518     0.8253     0.1340    35.6054 0.0000e+00
     56.000    13.0526   4.167462    5.64124     0.8273     0.1327    35.6050 0.0000e+00
     57.000    13.0514   4.167421    5.60506     0.8218     0.1307    35.6052 0.0000e+00
     58.000    13.0505   4.167363    5.55141     0.8613     0.1325    35.6051 0.0000e+00
     59.000    13.0491   4.167247    5.52426     0.8834     0.1349    35.6049 0.0000e+00
     60.000    13.0402   4.166416    5.55272     0.8610     0.1342    35.6049 0.0000e+00
     61.000    13.0347   4.165945    5.62198     0.8222     0.1329    35.6051 0.0000e+00
     62.000    13.0337   4.165897    5.64709     0.8500     0.1333    35.6051 0.0000e+00
     63.000    13.0332   4.165822    5.63275     0.8786     0.1330    35.6046 0.0000e+00
     64.000    13.0313   4.165702    5.63081     0.8867     0.1327    35.6047 0.0000e+00
     65.000    13.0275   4.165333    5.63798     0.9394     0.1333    35.6043 0.0000e+00
     66.000    13.0222   4.164792    5.64882     0.9739     0.1337    35.6036 0.0000e+00
     67.000    13.0189   4.164444    5.65465     0.9142     0.1379    35.6030 0.0000e+00
     68.000    13.0102   4.163500    5.65581     0.8785     0.1358    35.6017 0.0000e+00
     69.000    13.0060   4.163084    5.65409     0.8627     0.1324    35.6013 0.0000e+00
     70.000    13.0039   4.162861    5.63454     0.8538     0.1326    35.6007 0.0000e+00
     71.000    13.0016   4.162680    5.61177     0.8504     0.1350    35.6007 0.0000e+00
     72.000    13.0009   4.162630    5.59479     0.8642     0.1356    35.6005 0.0000e+00
     73.000    13.0026   4.162856    5.58168     0.8064     0.1334    35.6006 0.0000e+00
     74.000    13.0007   4.162687    5.58838     0.7716     0.1342    35.6003 0.0000e+00
     75.000    13.0005   4.162704    5.62789     0.7810     0.1334    35.6002 0.0000e+00
     76.000    12.9999   4.162664    5.65124     0.7550     0.1322    35.6000 0.0000e+00
     77.000    12.9978   4.162503    5.64625     0.7689     0.1322    35.5999 0.0000e+00
     78.000    12.9978   4.162526    5.63617     0.7799     0.1325    35.5998 0.0000e+00
     79.000    12.9956   4.162285    5.64224     0.7256     0.1395    35.5992 0.0000e+00
     80.000    12.9930   4.162069    5.64848     0.7681     0.1340    35.5991 0.0000e+00
     81.000    12.9920   4.161973    5.63347     0.8089     0.1360    35.5987 0.0000e+00
     82.000    12.9928   4.162099    5.60368     0.7725     0.1343    35.5986 0.0000e+00
     83.000    12.9931   4.162207    5.59749     0.7863     0.1329    35.5990 0.0000e+00
     84.000    12.9927   4.162206    5.60387     0.7833     0.1332    35.5989 0.0000e+00
     85.000    12.9917   4.162079    5.60423     0.7665     0.1345    35.5982 0.0000e+00
     86.000    12.9857   4.161453    5.58548     0.6983     0.1301    35.5974 0.0000e+00
     87.000    12.9880   4.161742    5.57813     0.7008     0.1387    35.5976 0.0000e+00
     88.000    12.9869   4.161657    5.59853     0.6767     0.1351    35.5974 0.0000e+00
     89.000    12.9887   4.161909    5.61142     0.6678     0.1319    35.5976 0.0000e+00
     90.000    12.9880   4.161837    5.63471     0.6604     0.1345    35.5972 0.0000e+00
     91.000    12.9881   4.161916    5.60049     0.6332     0.1318    35.5974 0.0000e+00
     92.000    12.9875   4.161875    5.59574     0.7207     0.1324    35.5972 0.0000e+00
     93.000    12.9876   4.161971    5.60832     0.6805     0.1347    35.5975 0.0000e+00
     94.000    12.9876   4.161955    5.63015     0.6519     0.1340    35.5970 0.0000e+00
     95.000    12.9863   4.161871    5.63748     0.6266     0.1328    35.5970 0.0000e+00
     96.000    12.9860   4.161886    5.63508     0.6123     0.1314    35.5970 0.0000e+00
     97.000    12.9843   4.161696    5.62234     0.6466     0.1322    35.5963 0.0000e+00
     98.000    12.9765   4.160829    5.62527     0.6733     0.1322    35.5949 0.0000e+00
     99.000    12.9751   4.160707    5.60327     0.7454     0.1311    35.5946 0.0000e+00
    100.000    12.9730   4.160521    5.58028     0.6836     0.1321    35.5944 0.0000e+00
    101.000    12.9686   4.160079    5.59047     0.6236     0.1333    35.5938 0.0000e+00
    102.000    12.9675   4.159986    5.61549     0.5835     0.1311    35.5936 0.0000e+00
    103.000    12.9673   4.160034    5.63012     0.5737     0.1318    35.5938 0.0000e+00
    104.000    12.9671   4.160028    5.62134     0.5493     0.1329    35.5935 0.0000e+00
    105.000    12.9702   4.160509    5.61472     0.5312     0.1339    35.5947 0.0000e+00
    106.000    12.9702   4.160503    5.61764     0.5375     0.1359    35.5943 0.0000e+00
    107.000    12.9727   4.160936    5.62684     0.5253     0.1359    35.5956 0.0000e+00
    108.000    12.9754   4.161232    5.64931     0.5234     0.1354    35.5955 0.0000e+00
    109.000    12.9771   4.161499    5.66897     0.5514     0.1324    35.5960 0.0000e+00
    110.000    12.9776   4.161586    5.60080     0.5825     0.1326    35.5959 0.0000e+00
    111.000    12.9782   4.161733    5.60829     0.5832     0.1323    35.5963 0.0000e+00
    112.000    12.9780   4.161760    5.61374     0.5729     0.1314    35.5963 0.0000e+00
    113.000    12.9783   4.161822    5.61242     0.5573     0.1296    35.5962 0.0000e+00
    114.000    12.9784   4.161921    5.61131     0.5412     0.1307    35.5966 0.0000e+00
    115.000    12.9787   4.161961    5.61377     0.5276     0.1324    35.5963 0.0000e+00
    116.000    12.9786   4.162031    5.62181     0.5215     0.1332    35.5967 0.0000e+00
    117.000    12.9797   4.162169    5.61349     0.5576     0.1326    35.5966 0.0000e+00
    118.000    12.9806   4.162340    5.59982     0.5823     0.1311    35.5968 0.0000e+00
    119.000    12.9800   4.162306    5.58780     0.6168     0.1313    35.5966 0.0000e+00
    120.000    12.9799   4.162354    5.60471     0.6143     0.1322    35.5968 0.0000e+00
    121.000    12.9802   4.162414    5.62095     0.5578     0.1318    35.5967 0.0000e+00
    122.000    12.9803   4.162470    5.60573     0.5732     0.1320    35.5966 0.0000e+00
    123.000    12.9798   4.162441    5.62505     0.5764     0.1317    35.5964 0.0000e+00
    124.000    12.9804   4.162570    5.62891     0.6191     0.1334    35.5967 0.0000e+00
    125.000    12.9803   4.162620    5.63717     0.5829     0.1307    35.5968 0.0000e+00
    126.000    12.9791   4.162492    5.65754     0.5706     0.1323    35.5963 0.0000e+00
    127.000    12.9789   4.162553    5.65593     0.5822     0.1314    35.5966 0.0000e+00
    128.000    12.9789   4.162527    5.64615     0.6069     0.1304    35.5960 0.0000e+00
    129.000    12.9792   4.162652    5.64625     0.5701     0.1297    35.5965 0.0000e+00
    130.000    12.9790   4.162638    5.63756     0.5939     0.1304    35.5960 0.0000e+00
    131.000    12.9786   4.162667    5.61545     0.5963     0.1306    35.5962 0.0000e+00
    132.000    12.9788   4.162697    5.59451     0.6198     0.1307    35.5959 0.0000e+00
    133.000    12.9780   4.162634    5.59580     0.6171     0.1316    35.5956 0.0000e+00
    134.000    12.9760   4.162455    5.60966     0.6084     0.1306    35.5954 0.0000e+00
    135.000    12.9746   4.162295    5.61186     0.6167     0.1305    35.5947 0.0000e+00
    136.000    12.9731   4.162184    5.60058     0.6163     0.1318    35.5946 0.0000e+00
    137.000    12.9736   4.162300    5.59329     0.5862     0.1339    35.5949 0.0000e+00
    138.000    12.9739   4.162353    5.58713     0.5823     0.1336    35.5947 0.0000e+00
    139.000    12.9726   4.162273    5.59860     0.5790     0.1337    35.5947 0.0000e+00
    140.000    12.9723   4.162218    5.62250     0.5824     0.1350    35.5940 0.0000e+00
    141.000    12.9716   4.162204    5.61663     0.5931     0.1323    35.5941 0.0000e+00
    142.000    12.9711   4.162191    5.58730     0.5675     0.1303    35.5940 0.0000e+00
    143.000    12.9711   4.162260    5.59169     0.5760     0.1306    35.5942 0.0000e+00
    144.000    12.9698   4.162167    5.61221     0.5475     0.1315    35.5942 0.0000e+00
    145.000    12.9694   4.162197    5.64390     0.5555     0.1315    35.5944 0.0000e+00
    146.000    12.9695   4.162232    5.65984     0.5585     0.1314    35.5942 0.0000e+00
    147.000    12.9695   4.162260    5.67164     0.5348     0.1315    35.5940 0.0000e+00
    148.000    12.9696   4.162304    5.66479     0.5395     0.1332    35.5939 0.0000e+00
    149.000    12.9685   4.162222    5.58757     0.5406     0.1330    35.5937 0.0000e+00
    150.000    12.9679   4.162248    5.58628     0.5762     0.1328    35.5941 0.0000e+00
    151.000    12.9680   4.162315    5.60791     0.5873     0.1320    35.5943 0.0000e+00
    152.000    12.9680   4.162349    5.61374     0.5723     0.1315    35.5941 0.0000e+00
    153.000    12.9678   4.162408    5.61598     0.5433     0.1311    35.5944 0.0000e+00
    154.000    12.9677   4.162405    5.61026     0.5833     0.1285    35.5941 0.0000e+00
    155.000    12.9666   4.162383    5.59454     0.5839     0.1292    35.5944 0.0000e+00
    156.000    12.9658   4.162334    5.59734     0.5763     0.1307    35.5943 0.0000e+00
    157.000    12.9627   4.162079    5.59561     0.5871     0.1314    35.5944 0.0000e+00
    158.000    12.9609   4.162042    5.59716     0.5777     0.1439    35.5953 0.0000e+00
    159.000    12.9622   4.162241    5.59339     0.5296     0.1320    35.5955 0.0000e+00
    160.000    12.9617   4.162288    5.57871     0.5243     0.1313    35.5960 0.0000e+00
    161.000    12.9583   4.162046    5.56859     0.5451     0.1308    35.5965 0.0000e+00
    162.000    12.9494   4.161238    5.57090     0.5461     0.1303    35.5967 0.0000e+00
    163.000    12.9305   4.159448    5.56905     0.5257     0.1305    35.5969 0.0000e+00
    164.000    12.9183   4.158372    5.56773     0.5182     0.1299    35.5976 0.0000e+00
    165.000    12.9124   4.157793    5.57212     0.4192     0.1299    35.5972 0.0000e+00
    166.000    12.9007   4.156760    5.58617     0.4051     0.1307    35.5979 0.0000e+00
    167.000    12.8495   4.151985    5.58166     0.4060     0.1318    35.5999 0.0000e+00
    168.000    12.7432   4.141784    5.55997     0.3795     0.1299    35.6018 0.0000e+00
    169.000    12.7116   4.138780    5.51117     0.3086     0.1295    35.6023 0.0000e+00
    170.000    12.6799   4.135791    5.47506     0.2823     0.1262    35.6030 0.0000e+00
    171.000    12.6214   4.130136    5.40411     0.2060     0.1243    35.6034 0.0000e+00
    172.000    12.5516   4.123730    5.36191     0.1388     0.1237    35.6072 0.0000e+00
    173.000    12.5319   4.121925    5.34389     0.1247     0.1249    35.6080 0.0000e+00
    174.000    12.5199   4.120823    5.33168     0.0955     0.1263    35.6082 0.0000e+00
    175.000    12.5101   4.119787    5.31658     0.0829     0.1221    35.6071 0.0000e+00
    176.000    12.4624   4.115612    5.30920     0.0880     0.1234    35.6115 0.0000e+00
    177.000    12.4281   4.112594    5.28698     0.0832     0.1249    35.6143 0.0000e+00
    178.000    12.4116   4.111122    5.22787     0.0559     0.1236    35.6153 0.0000e+00
    179.000    12.4040   4.110422    5.12743     0.0540     0.1228    35.6153 0.0000e+00
