tests/test3_bad_locations/c003.cnv
* Sea-Bird SBE25 Data File:
* FileName = C:\Users\seco1\Desktop\CAREVA0316\c003.hex
* Software Version 1.59
* Temperature SN = 5117
* Conductivity SN = 3687
* System UpLoad Time = Mar 08 2016 16:09:15
** Ship: Vizconde de Eza
** Cruise: Careva0316
** Station:27
** Cast:3
** Latitude:44 15.218 N
** Longitude:002 09.187 W
** Date:08/03/2016
** Time GMT:14:15
** Depth:939
# nquan = 8
# nvalues = 403                         
# units = specified
# name 0 = prSM: Pressure, Strain Gauge [db]
# name 1 = t090C: Temperature [ITS-90, deg C]
# name 2 = c0S/m: Conductivity [S/m]
# name 3 = sbeox0ML/L: Oxygen, SBE 43 [ml/l]
# name 4 = flECO-AFL: Fluorescence, WET Labs ECO-AFL/FL [mg/m^3]
# name 5 = turbWETntu0: Turbidity, WET Labs ECO [NTU]
# name 6 = sal00: Salinity, Practical [PSU]
# name 7 = flag: flag
# span 0 =      1.000,    202.000       
# span 1 =    12.1005,    13.3166       
# span 2 =   4.081853,   4.189834       
# span 3 =    5.05002,    5.77533       
# span 4 =     0.0395,     0.9739       
# span 5 =     0.1206,     0.1460       
# span 6 =    35.5209,    35.6161       
# span 7 = 0.0000e+00, 0.0000e+00       
# interval = decibars: 1                
# start_time = Mar 09 2016 16:52:26 [Instrument's time stamp, header]
# bad_flag = -9.990e-29
*END*
[from data line 180]
    181.000    12.3857   4.108584    5.12962     0.0492     0.1234    35.6140 0.0000e+00
    182.000    12.3762   4.107596    5.13128     0.0515     0.1235    35.6130 0.0000e+00
    183.000    12.3702   4.107074    5.14168     0.0651     0.1249    35.6132 0.0000e+00
    184.000    12.3657   4.106582    5.14765     0.0722     0.1264    35.6122 0.0000e+00
    185.000    12.3490   4.104987    5.15165     0.0530     0.1233    35.6122 0.0000e+00
    186.000    12.3286   4.103128    5.15864     0.0463     0.1210    35.6131 0.0000e+00
    187.000    12.3199   4.102372    5.14538     0.0469     0.1206    35.6137 0.0000e+00
    188.000    12.3082   4.101326    5.11772     0.0610     0.1233    35.6141 0.0000e+00
    189.000    12.3046   4.100968    5.11167     0.0513     0.1219    35.6136 0.0000e+00
    190.000    12.2825   4.098886    5.10445     0.0529     0.1235    35.6140 0.0000e+00
    191.000    12.2766   4.098344    5.10473     0.0639     0.1247    35.6139 0.0000e+00
    192.000    12.2542   4.096076    5.09738     0.0585     0.1220    35.6127 0.0000e+00
    193.000    12.2299   4.093832    5.10764     0.0502     0.1234    35.6136 0.0000e+00
    194.000    12.2262   4.093648    5.09890     0.0518     0.1252    35.6148 0.0000e+00
    195.000    12.2112   4.091964    5.10499     0.0497     0.1248    35.6123 0.0000e+00
    196.000    12.1996   4.091029    5.11142     0.0421     0.1225    35.6138 0.0000e+00
    197.000    12.1791   4.089119    5.12479     0.0408     0.1226    35.6143 0.0000e+00
    198.000    12.1608   4.087422    5.09739     0.0497     0.1236    35.6147 0.0000e+00
    199.000    12.1289   4.084441    5.06591     0.0395     0.1238    35.6157 0.0000e+00
    200.000    12.1247   4.083933    5.08010     0.0468     0.1231    35.6143 0.0000e+00
    201.000    12.1068   4.082311    5.10270     0.0549     0.1244    35.6150 0.0000e+00
    202.000    12.1005   4.081853    5.13764     0.0501     0.1259    35.6161 0.0000e+00
    201.000    12.1174   4.083372    5.11593     0.0447     0.1236    35.6153 0.0000e+00
    200.000    12.1111   4.082724    5.10724     0.0536     0.1239    35.6154 0.0000e+00
    199.000    12.1258   4.084097    5.09654     0.0511     0.1244    35.6152 0.0000e+00
    198.000    12.1298   4.084472    5.09588     0.0615     0.1251    35.6155 0.0000e+00
    197.000    12.1391   4.085271    5.09594     0.0667     0.1232    35.6149 0.0000e+00
    196.000    12.1622   4.087493    5.08625     0.0677     0.1218    35.6149 0.0000e+00
    195.000    12.1811   4.089255    5.08595     0.0568     0.1224    35.6145 0.0000e+00
    194.000    12.1941   4.090444    5.09225     0.0502     0.1223    35.6142 0.0000e+00
    193.000    12.2078   4.091731    5.08830     0.0490     0.1247    35.6141 0.0000e+00
    192.000    12.2368   4.094517    5.08507     0.0479     0.1271    35.6141 0.0000e+00
    191.000    12.2655   4.097225    5.07824     0.0484     0.1272    35.6136 0.0000e+00
    190.000    12.2705   4.097692    5.06772     0.0514     0.1231    35.6138 0.0000e+00
    189.000    12.2753   4.098127    5.06283     0.0513     0.1222    35.6139 0.0000e+00
    188.000    12.2873   4.099269    5.06809     0.0608     0.1218    35.6140 0.0000e+00
    187.000    12.2978   4.100285    5.06879     0.0752     0.1240    35.6143 0.0000e+00
    186.000    12.3071   4.101115    5.07299     0.0698     0.1229    35.6139 0.0000e+00
    185.000    12.3206   4.102379    5.08325     0.0549     0.1228    35.6138 0.0000e+00
    184.000    12.3471   4.104885    5.06899     0.0552     0.1236    35.6134 0.0000e+00
    183.000    12.3602   4.106240    5.06533     0.0676     0.1265    35.6146 0.0000e+00
    182.000    12.3664   4.106687    5.05500     0.0656     0.1244    35.6135 0.0000e+00
    181.000    12.3699   4.107013    5.05002     0.0571     0.1229    35.6138 0.0000e+00
    180.000    12.3786   4.107865    5.05172     0.0620     0.1207    35.6142 0.0000e+00
    179.000    12.3911   4.109205    5.07001     0.0490     0.1243    35.6157 0.0000e+00
    178.000    12.4008   4.110088    5.05809     0.0476     0.1228    35.6156 0.0000e+00
    177.000    12.4069   4.110569    5.05598     0.0559     0.1232    35.6149 0.0000e+00
    176.000    12.4220   4.112058    5.05567     0.0423     0.1234    35.6154 0.0000e+00
    175.000    12.4525   4.114739    5.06317     0.0415     0.1217    35.6129 0.0000e+00
    174.000    12.4785   4.117055    5.07023     0.0506     0.1229    35.6110 0.0000e+00
    173.000    12.4976   4.118865    5.05343     0.0587     0.1303    35.6109 0.0000e+00
    172.000    12.5164   4.120467    5.05918     0.0849     0.1233    35.6090 0.0000e+00
    171.000    12.5402   4.122652    5.08281     0.0647     0.1232    35.6080 0.0000e+00
    170.000    12.5669   4.125235    5.10028     0.0970     0.1232    35.6081 0.0000e+00
    169.000    12.6456   4.132295    5.08103     0.0858     0.1220    35.6022 0.0000e+00
    168.000    12.6712   4.134696    5.09077     0.1250     0.1224    35.6016 0.0000e+00
    167.000    12.6906   4.136815    5.10357     0.1552     0.1233    35.6041 0.0000e+00
    166.000    12.7707   4.143856    5.10788     0.2903     0.1233    35.5967 0.0000e+00
    165.000    12.8374   4.150404    5.12241     0.2716     0.1287    35.5971 0.0000e+00
    164.000    12.8685   4.153059    5.16353     0.3273     0.1270    35.5936 0.0000e+00
    163.000    12.8895   4.155420    5.19159     0.3354     0.1256    35.5969 0.0000e+00
    162.000    12.9031   4.156648    5.21646     0.4151     0.1289    35.5963 0.0000e+00
    161.000    12.9150   4.157534    5.26959     0.4128     0.1347    35.5941 0.0000e+00
    160.000    12.9461   4.160700    5.34018     0.4974     0.1289    35.5955 0.0000e+00
    159.000    12.9452   4.160530    5.40748     0.5192     0.1307    35.5951 0.0000e+00
    158.000    12.9488   4.160857    5.43357     0.5501     0.1306    35.5953 0.0000e+00
    157.000    12.9535   4.161309    5.44816     0.5232     0.1298    35.5957 0.0000e+00
    156.000    12.9557   4.161403    5.47225     0.5364     0.1324    35.5949 0.0000e+00
    155.000    12.9557   4.161361    5.48290     0.5421     0.1343    35.5949 0.0000e+00
    154.000    12.9580   4.161522    5.50169     0.4990     0.1309    35.5947 0.0000e+00
    153.000    12.9628   4.161843    5.50401     0.5342     0.1309    35.5938 0.0000e+00
    152.000    12.9635   4.161892    5.51648     0.5785     0.1314    35.5939 0.0000e+00
    151.000    12.9651   4.161911    5.51677     0.5917     0.1294    35.5931 0.0000e+00
    150.000    12.9642   4.161772    5.54330     0.5979     0.1309    35.5930 0.0000e+00
    149.000    12.9653   4.161824    5.53157     0.6370     0.1387    35.5929 0.0000e+00
    148.000    12.9665   4.161889    5.50830     0.5992     0.1334    35.5928 0.0000e+00
    147.000    12.9669   4.161895    5.52098     0.5615     0.1329    35.5930 0.0000e+00
    146.000    12.9669   4.161841    5.51552     0.6148     0.1303    35.5929 0.0000e+00
    145.000    12.9672   4.161798    5.52261     0.6391     0.1297    35.5926 0.0000e+00
    144.000    12.9680   4.161860    5.53094     0.6094     0.1303    35.5929 0.0000e+00
    143.000    12.9685   4.161876    5.52756     0.5957     0.1343    35.5930 0.0000e+00
    142.000    12.9686   4.161815    5.52647     0.6356     0.1300    35.5927 0.0000e+00
    141.000    12.9686   4.161757    5.53386     0.6293     0.1300    35.5927 0.0000e+00
    140.000    12.9688   4.161741    5.53717     0.5706     0.1334    35.5927 0.0000e+00
    139.000    12.9691   4.161727    5.53758     0.5671     0.1323    35.5927 0.0000e+00
    138.000    12.9693   4.161695    5.55194     0.5893     0.1324    35.5927 0.0000e+00
    137.000    12.9698   4.161719    5.55832     0.5552     0.1282    35.5928 0.0000e+00
    136.000    12.9706   4.161780    5.54536     0.5548     0.1295    35.5932 0.0000e+00
    135.000    12.9718   4.161888    5.53946     0.5911     0.1308    35.5935 0.0000e+00
    134.000    12.9735   4.162025    5.54156     0.5994     0.1315    35.5936 0.0000e+00
    133.000    12.9747   4.162141    5.54687     0.6210     0.1288    35.5940 0.0000e+00
    132.000    12.9735   4.161946    5.54570     0.6377     0.1296    35.5937 0.0000e+00
    131.000    12.9747   4.162036    5.54554     0.6221     0.1293    35.5939 0.0000e+00
    130.000    12.9763   4.162209    5.56000     0.6096     0.1301    35.5945 0.0000e+00
    129.000    12.9776   4.162310    5.54947     0.6202     0.1300    35.5947 0.0000e+00
    128.000    12.9770   4.162206    5.51420     0.6284     0.1292    35.5947 0.0000e+00
    127.000    12.9761   4.162066    5.51286     0.6152     0.1296    35.5946 0.0000e+00
    126.000    12.9773   4.162174    5.53396     0.6059     0.1296    35.5949 0.0000e+00
    125.000    12.9771   4.162097    5.55509     0.6083     0.1303    35.5948 0.0000e+00
    124.000    12.9767   4.162015    5.56451     0.5809     0.1304    35.5949 0.0000e+00
    123.000    12.9759   4.161878    5.58265     0.5474     0.1282    35.5947 0.0000e+00
    122.000    12.9758   4.161822    5.56390     0.6220     0.1291    35.5947 0.0000e+00
    121.000    12.9752   4.161712    5.60024     0.6113     0.1321    35.5947 0.0000e+00
    120.000    12.9746   4.161597    5.60890     0.5884     0.1297    35.5946 0.0000e+00
    119.000    12.9733   4.161384    5.59477     0.5982     0.1302    35.5942 0.0000e+00
    118.000    12.9719   4.161149    5.58317     0.6299     0.1294    35.5937 0.0000e+00
    117.000    12.9714   4.161039    5.58503     0.5859     0.1283    35.5936 0.0000e+00
    116.000    12.9709   4.160955    5.60962     0.5942     0.1314    35.5936 0.0000e+00
    115.000    12.9707   4.160892    5.61912     0.6063     0.1311    35.5937 0.0000e+00
    114.000    12.9699   4.160737    5.61630     0.5906     0.1306    35.5933 0.0000e+00
    113.000    12.9691   4.160600    5.60494     0.5991     0.1307    35.5932 0.0000e+00
    112.000    12.9691   4.160541    5.59677     0.5734     0.1306    35.5931 0.0000e+00
    111.000    12.9690   4.160501    5.57134     0.5489     0.1314    35.5933 0.0000e+00
    110.000    12.9684   4.160366    5.60716     0.5482     0.1328    35.5929 0.0000e+00
    109.000    12.9686   4.160346    5.62354     0.5401     0.1328    35.5930 0.0000e+00
    108.000    12.9684   4.160312    5.61019     0.5407     0.1342    35.5933 0.0000e+00
    107.000    12.9691   4.160334    5.59921     0.5971     0.1348    35.5933 0.0000e+00
    106.000    12.9715   4.160605    5.59226     0.6377     0.1291    35.5940 0.0000e+00
    105.000    12.9811   4.161631    5.58946     0.6650     0.1295    35.5952 0.0000e+00
    104.000    12.9843   4.161972    5.57638     0.6477     0.1304    35.5959 0.0000e+00
    103.000    12.9857   4.162092    5.55389     0.6806     0.1310    35.5962 0.0000e+00
    102.000    12.9859   4.162109    5.57435     0.7077     0.1305    35.5966 0.0000e+00
    101.000    12.9871   4.162202    5.60096     0.7038     0.1341    35.5967 0.0000e+00
    100.000    12.9867   4.162126    5.59772     0.6808     0.1303    35.5969 0.0000e+00
     99.000    12.9892   4.162349    5.59497     0.6875     0.1312    35.5971 0.0000e+00
     98.000    12.9872   4.162090    5.58970     0.6788     0.1337    35.5969 0.0000e+00
     97.000    12.9881   4.162133    5.58482     0.6887     0.1336    35.5970 0.0000e+00
     96.000    12.9888   4.162159    5.58686     0.7039     0.1298    35.5970 0.0000e+00
     95.000    12.9887   4.162111    5.60897     0.6821     0.1307    35.5970 0.0000e+00
     94.000    12.9884   4.162047    5.60409     0.6991     0.1293    35.5972 0.0000e+00
     93.000    12.9886   4.162065    5.58768     0.7195     0.1306    35.5975 0.0000e+00
     92.000    12.9892   4.162046    5.59874     0.7051     0.1329    35.5972 0.0000e+00
     91.000    12.9885   4.161931    5.58135     0.6726     0.1299    35.5972 0.0000e+00
     90.000    12.9887   4.161894    5.57276     0.7137     0.1286    35.5972 0.0000e+00
     89.000    12.9884   4.161844    5.56858     0.6653     0.1350    35.5973 0.0000e+00
     88.000    12.9881   4.161758    5.56119     0.6538     0.1349    35.5973 0.0000e+00
     87.000    12.9879   4.161698    5.55141     0.6813     0.1287    35.5973 0.0000e+00
     86.000    12.9877   4.161642    5.53347     0.6817     0.1313    35.5973 0.0000e+00
     85.000    12.9876   4.161566    5.52598     0.6755     0.1327    35.5972 0.0000e+00
     84.000    12.9868   4.161453    5.55009     0.6747     0.1313    35.5973 0.0000e+00
     83.000    12.9861   4.161320    5.53350     0.7026     0.1303    35.5971 0.0000e+00
     82.000    12.9859   4.161242    5.56366     0.6785     0.1297    35.5969 0.0000e+00
     81.000    12.9859   4.161205    5.57639     0.6696     0.1318    35.5970 0.0000e+00
     80.000    12.9858   4.161156    5.58399     0.6817     0.1323    35.5971 0.0000e+00
     79.000    12.9859   4.161126    5.58719     0.6857     0.1314    35.5972 0.0000e+00
     78.000    12.9868   4.161195    5.59250     0.6977     0.1290    35.5974 0.0000e+00
     77.000    12.9865   4.161104    5.61271     0.6714     0.1318    35.5972 0.0000e+00
     76.000    12.9862   4.161038    5.62364     0.6482     0.1296    35.5973 0.0000e+00
     75.000    12.9868   4.161050    5.61076     0.6668     0.1303    35.5973 0.0000e+00
     74.000    12.9876   4.161088    5.61638     0.6418     0.1308    35.5974 0.0000e+00
     73.000    12.9878   4.161084    5.61699     0.6500     0.1304    35.5976 0.0000e+00
     72.000    12.9876   4.161016    5.60557     0.6562     0.1306    35.5975 0.0000e+00
     71.000    12.9872   4.160928    5.58988     0.6580     0.1387    35.5975 0.0000e+00
     70.000    12.9865   4.160805    5.60668     0.6800     0.1331    35.5974 0.0000e+00
     69.000    12.9855   4.160622    5.62999     0.6900     0.1308    35.5970 0.0000e+00
     68.000    12.9829   4.160292    5.62462     0.6699     0.1308    35.5968 0.0000e+00
     67.000    12.9847   4.160456    5.61310     0.7332     0.1311    35.5971 0.0000e+00
     66.000    12.9986   4.162015    5.58177     0.8043     0.1307    35.5993 0.0000e+00
     65.000    13.0052   4.162752    5.57337     0.8196     0.1323    35.6007 0.0000e+00
     64.000    13.0053   4.162758    5.57783     0.8188     0.1318    35.6010 0.0000e+00
     63.000    13.0081   4.163027    5.58264     0.8122     0.1302    35.6014 0.0000e+00
     62.000    13.0142   4.163638    5.58122     0.8241     0.1311    35.6019 0.0000e+00
     61.000    13.0216   4.164416    5.57129     0.8632     0.1335    35.6028 0.0000e+00
     60.000    13.0315   4.165512    5.58082     0.8749     0.1311    35.6044 0.0000e+00
     59.000    13.0385   4.166142    5.57653     0.9259     0.1332    35.6043 0.0000e+00
     58.000    13.0412   4.166431    5.55505     0.9309     0.1335    35.6050 0.0000e+00
     57.000    13.0412   4.166388    5.53636     0.9697     0.1320    35.6050 0.0000e+00
     56.000    13.0430   4.166504    5.54038     0.9640     0.1323    35.6049 0.0000e+00
     55.000    13.0454   4.166694    5.54117     0.9099     0.1335    35.6049 0.0000e+00
     54.000    13.0502   4.167104    5.56424     0.9022     0.1332    35.6047 0.0000e+00
     53.000    13.0530   4.167328    5.57295     0.8929     0.1318    35.6046 0.0000e+00
     52.000    13.0521   4.167225    5.55828     0.8560     0.1316    35.6049 0.0000e+00
     51.000    13.0528   4.167226    5.56566     0.8521     0.1304    35.6047 0.0000e+00
     50.000    13.0524   4.167145    5.59198     0.8925     0.1307    35.6047 0.0000e+00
     49.000    13.0529   4.167176    5.61535     0.9625     0.1321    35.6049 0.0000e+00
     48.000    13.0539   4.167188    5.62790     0.9065     0.1325    35.6046 0.0000e+00
     47.000    13.0543   4.167213    5.61841     0.9070     0.1313    35.6049 0.0000e+00
     46.000    13.0542   4.167152    5.61615     0.9077     0.1308    35.6048 0.0000e+00
     45.000    13.0550   4.167197    5.61091     0.8853     0.1335    35.6049 0.0000e+00
