tests/test3_bad_locations/c004.cnv
* Sea-Bird SBE25 Data File:
* FileName = C:\Users\seco1\Desktop\CAREVA0316\c004.hex
* Software Version 1.59
* Temperature SN = 5117
* Conductivity SN = 3687
* System UpLoad Time = Mar 08 2016 18:44:18
** Ship: Vizconde de Eza
** Cruise: Careva0316
** Station:28
** Cast:4
** Latitude:44 15.024 N
** Longitude:002 44.978 W
** Date:08/03/2016
** Time GMT:18:24
** Depth:1211
# nquan = 8
# nvalues = 403                         
# units = specified
# name 0 = prSM: Pressure, Strain Gauge [db]
# name 1 = t090C: Temperature [ITS-90, deg C]
# name 2 = c0S/m: Conductivity [S/m]
# name 3 = sbeox0ML/L: Oxygen, SBE 43 [ml/l]
# name 4 = flECO-AFL: Fluorescence, WET Labs ECO-AFL/FL [mg/m^3]
# name 5 = turbWETntu0: Turbidity, WET Labs ECO [NTU]
# name 6 = sal00: Salinity, Practical [PSU]
# name 7 = flag: flag
# span 0 =      1.000,    202.000       
# span 1 =    12.3732,    13.1035       
# span 2 =   4.108666,   4.170062       
# span 3 =    3.96888,    7.58383       
# span 4 =     0.0476,     1.0669       
# span 5 =     0.1209,     0.1397       
# span 6 =    35.2251,    35.6175       
# span 7 = 0.0000e+00, 0.0000e+00       
# interval = decibars: 1                
# start_time = Mar 09 2016 19:17:36 [Instrument's time stamp, header]
# bad_flag = -9.990e-29
*END*
      1.000    13.0928   4.129122    7.58383     0.7512     0.1340    35.2251 0.0000e+00
      2.000    13.0622   4.162141    3.96888     0.8029     0.1326    35.5684 0.0000e+00
      3.000    13.0932   4.169714    5.64068     0.7996     0.1321    35.6113 0.0000e+00
      4.000    13.0924   4.169018    5.62897     0.8081     0.1324    35.6050 0.0000e+00
      5.000    13.0926   4.169098    5.63740     0.7785     0.1359    35.6051 0.0000e+00
      6.000    13.0926   4.169139    5.64666     0.7817     0.1338    35.6051 0.0000e+00
      7.000    13.0918   4.169139    5.64459     0.7911     0.1320    35.6054 0.0000e+00
      8.000    13.0925   4.169234    5.64599     0.7838     0.1318    35.6052 0.0000e+00
      9.000    13.0927   4.169304    5.62625     0.7768     0.1324    35.6053 0.0000e+00
     10.000    13.0929   4.169360    5.58433     0.7671     0.1325    35.6051 0.0000e+00
     11.000    13.0927   4.169363    5.57279     0.7786     0.1317    35.6049 0.0000e+00
     12.000    13.0921   4.169320    5.57082     0.8332     0.1324    35.6046 0.0000e+00
     13.000    13.0912   4.169331    5.57361     0.7929     0.1301    35.6052 0.0000e+00
     14.000    13.0902   4.169183    5.57483     0.7762     0.1325    35.6043 0.0000e+00
     15.000    13.0853   4.168817    5.57640     0.7676     0.1315    35.6050 0.0000e+00
     16.000    13.0825   4.168535    5.59526     0.8267     0.1303    35.6045 0.0000e+00
     17.000    13.0831   4.168641    5.59713     0.8046     0.1326    35.6045 0.0000e+00
     18.000    13.0867   4.169135    5.58980     0.8320     0.1317    35.6053 0.0000e+00
     19.000    13.0888   4.169311    5.60139     0.8065     0.1302    35.6046 0.0000e+00
     20.000    13.0797   4.168360    5.61727     0.8155     0.1313    35.6037 0.0000e+00
     21.000    13.0493   4.165508    5.61256     0.8305     0.1322    35.6046 0.0000e+00
     22.000    13.0521   4.165798    5.60206     0.8372     0.1303    35.6043 0.0000e+00
     23.000    13.0520   4.165891    5.61648     0.9134     0.1328    35.6048 0.0000e+00
     24.000    13.0522   4.165953    5.62343     0.8714     0.1314    35.6048 0.0000e+00
     25.000    13.0521   4.165976    5.62478     0.8652     0.1311    35.6047 0.0000e+00
     26.000    13.0518   4.165969    5.63025     0.8655     0.1318    35.6045 0.0000e+00
     27.000    13.0519   4.166026    5.62383     0.9182     0.1316    35.6045 0.0000e+00
     28.000    13.0517   4.166086    5.61574     0.8700     0.1335    35.6049 0.0000e+00
     29.000    13.0504   4.165980    5.60604     0.8711     0.1304    35.6046 0.0000e+00
     30.000    13.0463   4.165692    5.61337     0.8717     0.1311    35.6052 0.0000e+00
     31.000    13.0420   4.165332    5.62792     0.8832     0.1300    35.6054 0.0000e+00
     32.000    13.0409   4.165305    5.63450     0.9232     0.1324    35.6057 0.0000e+00
     33.000    13.0397   4.165243    5.61539     0.9339     0.1305    35.6059 0.0000e+00
     34.000    13.0373   4.165018    5.61129     0.9391     0.1318    35.6055 0.0000e+00
     35.000    13.0294   4.164394    5.61771     0.8831     0.1311    35.6066 0.0000e+00
     36.000    13.0264   4.164158    5.61578     0.8735     0.1328    35.6067 0.0000e+00
     37.000    13.0238   4.163987    5.61762     0.8723     0.1337    35.6070 0.0000e+00
     38.000    13.0228   4.163907    5.61824     0.8997     0.1316    35.6068 0.0000e+00
     39.000    13.0174   4.163472    5.62072     0.9085     0.1326    35.6072 0.0000e+00
     40.000    13.0156   4.163316    5.61143     0.8978     0.1326    35.6071 0.0000e+00
     41.000    13.0105   4.162878    5.60298     0.8954     0.1316    35.6072 0.0000e+00
     42.000    13.0031   4.162225    5.59130     0.9207     0.1322    35.6075 0.0000e+00
     43.000    13.0028   4.162234    5.59211     1.0669     0.1364    35.6074 0.0000e+00
     44.000    13.0016   4.162145    5.59928     0.9587     0.1337    35.6073 0.0000e+00
     45.000    12.9937   4.161494    5.60082     0.9123     0.1317    35.6081 0.0000e+00
     46.000    12.9950   4.161647    5.60980     0.8708     0.1298    35.6079 0.0000e+00
     47.000    12.9941   4.161598    5.62372     0.8874     0.1281    35.6078 0.0000e+00
     48.000    12.9929   4.161553    5.61791     0.9401     0.1302    35.6081 0.0000e+00
     49.000    12.9928   4.161543    5.60381     0.9723     0.1300    35.6077 0.0000e+00
     50.000    12.9929   4.161599    5.62400     0.8907     0.1316    35.6076 0.0000e+00
     51.000    12.9920   4.161549    5.64065     0.8987     0.1296    35.6076 0.0000e+00
     52.000    12.9913   4.161523    5.64969     0.9096     0.1297    35.6076 0.0000e+00
     53.000    12.9913   4.161576    5.65425     0.9100     0.1300    35.6076 0.0000e+00
     54.000    12.9909   4.161597    5.65527     0.9139     0.1298    35.6078 0.0000e+00
     55.000    12.9902   4.161548    5.64350     0.8984     0.1294    35.6075 0.0000e+00
     56.000    12.9908   4.161626    5.62206     0.9157     0.1314    35.6073 0.0000e+00
     57.000    12.9902   4.161640    5.61707     0.9306     0.1307    35.6075 0.0000e+00
     58.000    12.9890   4.161563    5.61135     0.9157     0.1309    35.6075 0.0000e+00
     59.000    12.9869   4.161364    5.61646     0.9800     0.1301    35.6072 0.0000e+00
     60.000    12.9874   4.161471    5.58990     0.9726     0.1316    35.6073 0.0000e+00
     61.000    12.9867   4.161441    5.60037     0.9295     0.1313    35.6072 0.0000e+00
     62.000    12.9852   4.161363    5.60841     0.9326     0.1312    35.6074 0.0000e+00
     63.000    12.9849   4.161355    5.60844     0.8773     0.1304    35.6072 0.0000e+00
     64.000    12.9836   4.161275    5.61358     0.8358     0.1298    35.6073 0.0000e+00
     65.000    12.9837   4.161320    5.62079     0.8374     0.1277    35.6072 0.0000e+00
     66.000    12.9837   4.161356    5.62842     0.8428     0.1308    35.6070 0.0000e+00
     67.000    12.9838   4.161416    5.59997     0.8637     0.1315    35.6071 0.0000e+00
     68.000    12.9839   4.161453    5.56499     0.8966     0.1301    35.6070 0.0000e+00
     69.000    12.9842   4.161534    5.57840     0.9198     0.1311    35.6070 0.0000e+00
     70.000    12.9843   4.161590    5.60672     0.8737     0.1314    35.6069 0.0000e+00
     71.000    12.9844   4.161656    5.62614     0.8028     0.1316    35.6071 0.0000e+00
     72.000    12.9852   4.161790    5.63083     0.8104     0.1316    35.6072 0.0000e+00
     73.000    12.9857   4.161885    5.62859     0.8286     0.1299    35.6072 0.0000e+00
     74.000    12.9859   4.161954    5.63224     0.8349     0.1302    35.6073 0.0000e+00
     75.000    12.9860   4.162025    5.63626     0.8532     0.1298    35.6074 0.0000e+00
     76.000    12.9859   4.162035    5.63138     0.8292     0.1298    35.6071 0.0000e+00
     77.000    12.9858   4.162060    5.63415     0.8421     0.1290    35.6070 0.0000e+00
     78.000    12.9855   4.162092    5.63876     0.8649     0.1283    35.6072 0.0000e+00
     79.000    12.9852   4.162095    5.63409     0.8882     0.1322    35.6071 0.0000e+00
     80.000    12.9856   4.162187    5.62594     0.8688     0.1293    35.6072 0.0000e+00
     81.000    12.9856   4.162239    5.63325     0.8570     0.1285    35.6072 0.0000e+00
     82.000    12.9855   4.162229    5.62343     0.8558     0.1324    35.6068 0.0000e+00
     83.000    12.9853   4.162284    5.62839     0.8680     0.1315    35.6071 0.0000e+00
     84.000    12.9859   4.162408    5.62975     0.8636     0.1297    35.6072 0.0000e+00
     85.000    12.9861   4.162451    5.63266     0.8448     0.1312    35.6070 0.0000e+00
     86.000    12.9859   4.162491    5.63098     0.8656     0.1313    35.6072 0.0000e+00
     87.000    12.9864   4.162570    5.63155     0.8482     0.1323    35.6070 0.0000e+00
     88.000    12.9863   4.162644    5.63124     0.8747     0.1303    35.6074 0.0000e+00
     89.000    12.9871   4.162748    5.63698     0.8438     0.1313    35.6072 0.0000e+00
     90.000    12.9867   4.162741    5.64082     0.8198     0.1323    35.6071 0.0000e+00
     91.000    12.9862   4.162736    5.63268     0.8601     0.1303    35.6071 0.0000e+00
     92.000    12.9864   4.162789    5.61397     0.8823     0.1285    35.6070 0.0000e+00
     93.000    12.9864   4.162860    5.61623     0.9388     0.1296    35.6073 0.0000e+00
     94.000    12.9861   4.162852    5.62812     0.8751     0.1308    35.6070 0.0000e+00
     95.000    12.9861   4.162917    5.62555     0.8748     0.1298    35.6072 0.0000e+00
     96.000    12.9862   4.162979    5.61676     0.8793     0.1311    35.6073 0.0000e+00
     97.000    12.9864   4.163010    5.60913     0.8245     0.1326    35.6069 0.0000e+00
     98.000    12.9864   4.163072    5.60860     0.8326     0.1296    35.6071 0.0000e+00
     99.000    12.9867   4.163172    5.61073     0.8335     0.1289    35.6073 0.0000e+00
    100.000    12.9869   4.163211    5.61037     0.8614     0.1294    35.6070 0.0000e+00
    101.000    12.9870   4.163267    5.60500     0.8840     0.1283    35.6071 0.0000e+00
    102.000    12.9868   4.163278    5.59081     0.8990     0.1295    35.6069 0.0000e+00
    103.000    12.9826   4.162844    5.59729     0.8798     0.1284    35.6063 0.0000e+00
    104.000    12.9806   4.162688    5.60570     0.8427     0.1289    35.6062 0.0000e+00
    105.000    12.9791   4.162539    5.62015     0.8296     0.1301    35.6058 0.0000e+00
    106.000    12.9784   4.162508    5.61146     0.8586     0.1292    35.6057 0.0000e+00
    107.000    12.9784   4.162557    5.60352     0.8314     0.1284    35.6058 0.0000e+00
    108.000    12.9779   4.162549    5.61318     0.8067     0.1291    35.6057 0.0000e+00
    109.000    12.9769   4.162438    5.61039     0.7830     0.1285    35.6052 0.0000e+00
    110.000    12.9744   4.162231    5.60674     0.8110     0.1299    35.6052 0.0000e+00
    111.000    12.9728   4.162067    5.61085     0.7753     0.1308    35.6046 0.0000e+00
    112.000    12.9720   4.162026    5.61431     0.7845     0.1296    35.6045 0.0000e+00
    113.000    12.9713   4.161971    5.59591     0.7784     0.1290    35.6043 0.0000e+00
    114.000    12.9717   4.162079    5.60345     0.7425     0.1285    35.6044 0.0000e+00
    115.000    12.9717   4.162068    5.61849     0.7171     0.1278    35.6040 0.0000e+00
    116.000    12.9703   4.161960    5.63370     0.7373     0.1290    35.6038 0.0000e+00
    117.000    12.9700   4.161964    5.62077     0.7444     0.1297    35.6037 0.0000e+00
    118.000    12.9685   4.161788    5.60095     0.7265     0.1299    35.6029 0.0000e+00
    119.000    12.9684   4.161873    5.60673     0.7621     0.1326    35.6034 0.0000e+00
    120.000    12.9684   4.161884    5.62464     0.7331     0.1315    35.6031 0.0000e+00
    121.000    12.9691   4.162050    5.62852     0.7200     0.1303    35.6036 0.0000e+00
    122.000    12.9712   4.162334    5.63769     0.7320     0.1298    35.6039 0.0000e+00
    123.000    12.9720   4.162526    5.65084     0.7220     0.1305    35.6046 0.0000e+00
    124.000    12.9701   4.162256    5.64843     0.7200     0.1278    35.6034 0.0000e+00
    125.000    12.9682   4.162055    5.63538     0.7108     0.1308    35.6028 0.0000e+00
    126.000    12.9680   4.162098    5.60109     0.7344     0.1287    35.6030 0.0000e+00
    127.000    12.9686   4.162219    5.58226     0.7651     0.1301    35.6031 0.0000e+00
    128.000    12.9686   4.162265    5.59939     0.7291     0.1321    35.6031 0.0000e+00
    129.000    12.9689   4.162346    5.62470     0.7201     0.1296    35.6032 0.0000e+00
    130.000    12.9691   4.162394    5.62349     0.7197     0.1304    35.6031 0.0000e+00
    131.000    12.9693   4.162457    5.61722     0.7444     0.1308    35.6030 0.0000e+00
    132.000    12.9683   4.162369    5.62910     0.7244     0.1322    35.6027 0.0000e+00
    133.000    12.9678   4.162404    5.63054     0.7423     0.1315    35.6030 0.0000e+00
    134.000    12.9673   4.162384    5.63016     0.7395     0.1294    35.6029 0.0000e+00
    135.000    12.9678   4.162419    5.63768     0.7079     0.1297    35.6023 0.0000e+00
    136.000    12.9666   4.162334    5.62961     0.7223     0.1310    35.6022 0.0000e+00
    137.000    12.9663   4.162325    5.58384     0.7434     0.1304    35.6019 0.0000e+00
    138.000    12.9651   4.162266    5.58401     0.7458     0.1310    35.6021 0.0000e+00
    139.000    12.9640   4.162205    5.60202     0.7384     0.1291    35.6021 0.0000e+00
    140.000    12.9591   4.161523    5.62327     0.7214     0.1286    35.5997 0.0000e+00
    141.000    12.9564   4.161296    5.64426     0.6875     0.1296    35.5997 0.0000e+00
    142.000    12.9562   4.161273    5.64166     0.6954     0.1313    35.5993 0.0000e+00
    143.000    12.9558   4.161284    5.62615     0.6872     0.1309    35.5993 0.0000e+00
    144.000    12.9542   4.161118    5.61520     0.7171     0.1316    35.5988 0.0000e+00
    145.000    12.9541   4.161158    5.62492     0.7482     0.1309    35.5988 0.0000e+00
    146.000    12.9564   4.161457    5.59679     0.7516     0.1280    35.5991 0.0000e+00
    147.000    12.9580   4.161731    5.59936     0.7271     0.1300    35.5998 0.0000e+00
    148.000    12.9586   4.161856    5.62193     0.7059     0.1311    35.6000 0.0000e+00
    149.000    12.9572   4.161690    5.63925     0.6884     0.1318    35.5993 0.0000e+00
    150.000    12.9566   4.161651    5.64147     0.6890     0.1301    35.5990 0.0000e+00
    151.000    12.9561   4.161663    5.63820     0.7056     0.1311    35.5992 0.0000e+00
    152.000    12.9576   4.161855    5.63999     0.7002     0.1309    35.5992 0.0000e+00
    153.000    12.9515   4.161144    5.63437     0.7105     0.1299    35.5977 0.0000e+00
    154.000    12.9497   4.160958    5.61523     0.7284     0.1284    35.5971 0.0000e+00
    155.000    12.9496   4.161023    5.60668     0.7633     0.1292    35.5974 0.0000e+00
    156.000    12.9472   4.160710    5.61378     0.7403     0.1303    35.5962 0.0000e+00
    157.000    12.9449   4.160577    5.61012     0.6872     0.1295    35.5968 0.0000e+00
    158.000    12.9473   4.160870    5.61228     0.6714     0.1308    35.5968 0.0000e+00
    159.000    12.9467   4.160724    5.61431     0.6651     0.1311    35.5956 0.0000e+00
    160.000    12.9458   4.160775    5.62152     0.6582     0.1311    35.5965 0.0000e+00
    161.000    12.9450   4.160670    5.62855     0.6587     0.1322    35.5958 0.0000e+00
    162.000    12.9411   4.160250    5.62461     0.6687     0.1298    35.5951 0.0000e+00
    163.000    12.9421   4.160424    5.61790     0.6754     0.1313    35.5953 0.0000e+00
    164.000    12.9429   4.160535    5.59886     0.6858     0.1308    35.5952 0.0000e+00
    165.000    12.9413   4.160385    5.59573     0.7422     0.1317    35.5948 0.0000e+00
    166.000    12.9371   4.159963    5.61401     0.7135     0.1306    35.5943 0.0000e+00
    167.000    12.9349   4.159809    5.61766     0.6721     0.1292    35.5945 0.0000e+00
    168.000    12.9356   4.159855    5.61783     0.6595     0.1330    35.5938 0.0000e+00
    169.000    12.9357   4.159944    5.62240     0.6452     0.1311    35.5942 0.0000e+00
    170.000    12.9358   4.159969    5.62447     0.6394     0.1299    35.5938 0.0000e+00
    171.000    12.9351   4.159962    5.61630     0.6472     0.1297    35.5940 0.0000e+00
    172.000    12.9348   4.160001    5.60227     0.6635     0.1302    35.5942 0.0000e+00
    173.000    12.9345   4.159987    5.59020     0.6494     0.1310    35.5940 0.0000e+00
    174.000    12.9325   4.159873    5.57936     0.6531     0.1310    35.5943 0.0000e+00
    175.000    12.9300   4.159700    5.58341     0.6701     0.1334    35.5946 0.0000e+00
    176.000    12.9177   4.158514    5.59601     0.6776     0.1329    35.5943 0.0000e+00
    177.000    12.8902   4.156484    5.59536     0.6240     0.1315    35.6004 0.0000e+00
    178.000    12.8848   4.156007    5.59963     0.5319     0.1298    35.6005 0.0000e+00
    179.000    12.8707   4.154671    5.60909     0.4712     0.1288    35.6005 0.0000e+00
