tests/test3_bad_locations/c004.cnv
* Sea-Bird SBE25 Data File:
* FileName = C:\Users\seco1\Desktop\CAREVA0316\c004.hex
* Software Version 1.59
* Temperature SN = 5117
* Conductivity SN = 3687
* System UpLoad Time = Mar 08 2016 18:44:18
** Ship: Vizconde de Eza
** Cruise: Careva0316
** Station:28
** Cast:4
** Latitude:44 15.024 N
** Longitude:002 44.978 W
** Date:08/03/2016
** Time GMT:18:24
** Depth:1211
# nquan = 8
# nvalues = 403                         
# units = specified
# name 0 = prSM: Pressure, Strain Gauge [db]
# name 1 = t090C: Temperature [ITS-90, deg C]
# name 2 = c0S/m: Conductivity [S/m]
# name 3 = sbeox0ML/L: Oxygen, SBE 43 [ml/l]
# name 4 = flECO-AFL: Fluorescence, WET Labs ECO-AFL/FL [mg/m^3]
# name 5 = turbWETntu0: Turbidity, WET Labs ECO [NTU]
# name 6 = sal00: Salinity, Practical [PSU]
# name 7 = flag: flag
# span 0 =      1.000,    202.000       
# span 1 =    12.3732,    13.1035       
# span 2 =   4.108666,   4.170062       
# span 3 =    3.96888,    7.58383       
# span 4 =     0.0476,     1.0669       
# span 5 =     0.1209,     0.1397       
# span 6 =    35.2251,    35.6175       
# span 7 = 0.0000e+00, 0.0000e+00       
# interval = decibars: 1                
# start_time = Mar 09 2016 19:17:36 [Instrument's time stamp, header]
# bad_flag = -9.990e-29
*END*
[from data line 360]
     43.000    13.0076   4.162675    5.59602     0.9401     0.1296    35.6072 0.0000e+00
     42.000    13.0092   4.162771    5.57528     0.9887     0.1309    35.6071 0.0000e+00
     41.000    13.0139   4.163170    5.58024     0.9607     0.1299    35.6069 0.0000e+00
     40.000    13.0168   4.163395    5.58709     0.9040     0.1326    35.6067 0.0000e+00
     39.000    13.0175   4.163433    5.59068     0.8840     0.1307    35.6069 0.0000e+00
     38.000    13.0196   4.163554    5.60726     0.8360     0.1299    35.6065 0.0000e+00
     37.000    13.0235   4.163882    5.59773     0.9050     0.1321    35.6063 0.0000e+00
     36.000    13.0276   4.164200    5.59712     0.9016     0.1311    35.6059 0.0000e+00
     35.000    13.0290   4.164294    5.59813     0.8714     0.1311    35.6060 0.0000e+00
     34.000    13.0310   4.164474    5.59960     0.8954     0.1299    35.6063 0.0000e+00
     33.000    13.0419   4.165329    5.60401     0.9554     0.1307    35.6047 0.0000e+00
     32.000    13.0413   4.165303    5.60659     0.9557     0.1332    35.6053 0.0000e+00
     31.000    13.0424   4.165374    5.59728     0.9062     0.1325    35.6054 0.0000e+00
     30.000    13.0461   4.165617    5.57828     0.8941     0.1328    35.6047 0.0000e+00
     29.000    13.0469   4.165646    5.59162     0.9024     0.1325    35.6047 0.0000e+00
     28.000    13.0464   4.165593    5.56627     0.9021     0.1323    35.6051 0.0000e+00
     27.000    13.0497   4.165812    5.56176     0.8941     0.1323    35.6045 0.0000e+00
     26.000    13.0529   4.166060    5.58035     0.8893     0.1308    35.6043 0.0000e+00
     25.000    13.0606   4.166728    5.59609     0.8897     0.1295    35.6038 0.0000e+00
     24.000    13.0737   4.167955    5.62900     0.8831     0.1319    35.6037 0.0000e+00
     23.000    13.0762   4.168215    5.64967     0.8614     0.1329    35.6043 0.0000e+00
     22.000    13.0821   4.168737    5.64732     0.8585     0.1332    35.6042 0.0000e+00
     21.000    13.0843   4.168882    5.63773     0.8721     0.1313    35.6039 0.0000e+00
     20.000    13.0857   4.169001    5.61890     0.8802     0.1316    35.6041 0.0000e+00
     19.000    13.0866   4.169067    5.56138     0.8713     0.1323    35.6044 0.0000e+00
     18.000    13.0899   4.169340    5.52322     0.8355     0.1329    35.6043 0.0000e+00
     17.000    13.0893   4.169240    5.54647     0.8310     0.1325    35.6044 0.0000e+00
     16.000    13.0898   4.169242    5.58439     0.8342     0.1307    35.6044 0.0000e+00
     15.000    13.0900   4.169204    5.59523     0.8457     0.1308    35.6042 0.0000e+00
     14.000    13.0913   4.169317    5.60782     0.8443     0.1329    35.6045 0.0000e+00
     13.000    13.0927   4.169380    5.62547     0.8091     0.1317    35.6042 0.0000e+00
     12.000    13.0925   4.169319    5.64158     0.7988     0.1317    35.6043 0.0000e+00
     11.000    13.0922   4.169266    5.64707     0.8262     0.1326    35.6045 0.0000e+00
     10.000    13.0919   4.169176    5.55656     0.8114     0.1305    35.6043 0.0000e+00
      9.000    13.0925   4.169196    5.56606     0.8136     0.1326    35.6045 0.0000e+00
      8.000    13.0923   4.169138    5.60395     0.8128     0.1317    35.6045 0.0000e+00
      7.000    13.0935   4.169215    5.61469     0.8079     0.1302    35.6046 0.0000e+00
      6.000    13.0957   4.169383    5.64432     0.9017     0.1321    35.6045 0.0000e+00
      5.000    13.1008   4.169891    5.56636     0.8000     0.1320    35.6049 0.0000e+00
      4.000    13.1019   4.169938    5.60687     0.8177     0.1320    35.6049 0.0000e+00
      3.000    13.1035   4.170062    5.58763     0.8013     0.1308    35.6050 0.0000e+00
      2.000    13.1006   4.169737    5.51920     0.7977     0.1319    35.6050 0.0000e+00
      1.000    13.1006   4.169683    5.59919     0.7723     0.1296    35.6049 0.0000e+00
