tests/test3_bad_locations/c004.cnv
* Sea-Bird SBE25 Data File:
* FileName = C:\Users\seco1\Desktop\CAREVA0316\c004.hex
* Software Version 1.59
* Temperature SN = 5117
* Conductivity SN = 3687
* System UpLoad Time = Mar 08 2016 18:44:18
** Ship: Vizconde de Eza
** Cruise: Careva0316
** Station:28
** Cast:4
** Latitude:44 15.024 N
** Longitude:002 44.978 W
** Date:08/03/2016
** Time GMT:18:24
** Depth:1211
# nquan = 8
# nvalues = 403                         
# units = specified
# name 0 = prSM: Pressure, Strain Gauge [db]
# name 1 = t090C: Temperature [ITS-90, deg C]
# name 2 = c0S/m: Conductivity [S/m]
# name 3 = sbeox0ML/L: Oxygen, SBE 43 [ml/l]
# name 4 = flECO-AFL: Fluorescence, WET Labs ECO-AFL/FL [mg/m^3]
# name 5 = turbWETntu0: Turbidity, WET Labs ECO [NTU]
# name 6 = sal00: Salinity, Practical [PSU]
# name 7 = flag: flag
# span 0 =      1.000,    202.000       
# span 1 =    12.3732,    13.1035       
# span 2 =   4.108666,   4.170062       
# span 3 =    3.96888,    7.58383       
# span 4 =     0.0476,     1.0669       
# span 5 =     0.1209,     0.1397       
# span 6 =    35.2251,    35.6175       
# span 7 = 0.0000e+00, 0.0000e+00       
# interval = decibars: 1                
# start_time = Mar 09 2016 19:17:36 [Instrument's time stamp, header]
# bad_flag = -9.990e-29
*END*
[from data line 180]
    181.000    12.7919   4.148134    5.61832     0.3778     0.1276    35.6112 0.0000e+00
    182.000    12.7931   4.148126    5.59003     0.2995     0.1283    35.6096 0.0000e+00
    183.000    12.7825   4.147153    5.52565     0.2946     0.1274    35.6097 0.0000e+00
    184.000    12.7745   4.146440    5.42915     0.3017     0.1253    35.6101 0.0000e+00
    185.000    12.7539   4.144529    5.35667     0.2853     0.1272    35.6107 0.0000e+00
    186.000    12.7408   4.143344    5.35445     0.2758     0.1266    35.6112 0.0000e+00
    187.000    12.7322   4.142612    5.35851     0.2503     0.1279    35.6119 0.0000e+00
    188.000    12.7237   4.141836    5.34943     0.2426     0.1279    35.6120 0.0000e+00
    189.000    12.7083   4.140471    5.34285     0.2258     0.1257    35.6130 0.0000e+00
    190.000    12.6929   4.138969    5.34167     0.2262     0.1257    35.6126 0.0000e+00
    191.000    12.6774   4.137583    5.33878     0.2201     0.1252    35.6135 0.0000e+00
    192.000    12.6662   4.136577    5.33117     0.1977     0.1244    35.6140 0.0000e+00
    193.000    12.6361   4.133769    5.30916     0.1756     0.1269    35.6150 0.0000e+00
    194.000    12.5818   4.128649    5.27319     0.1398     0.1254    35.6165 0.0000e+00
    195.000    12.5663   4.127234    5.24546     0.1278     0.1257    35.6171 0.0000e+00
    196.000    12.5540   4.126013    5.22405     0.1020     0.1246    35.6165 0.0000e+00
    197.000    12.5329   4.123956    5.20011     0.1072     0.1248    35.6162 0.0000e+00
    198.000    12.4785   4.118432    5.19716     0.1063     0.1244    35.6139 0.0000e+00
    199.000    12.4262   4.113673    5.19015     0.0861     0.1224    35.6170 0.0000e+00
    200.000    12.3988   4.110935    5.17544     0.0602     0.1226    35.6161 0.0000e+00
    201.000    12.3799   4.109217    5.17035     0.0522     0.1236    35.6169 0.0000e+00
    202.000    12.3732   4.108666    5.16258     0.0507     0.1230    35.6175 0.0000e+00
    201.000    12.4083   4.111949    5.10694     0.0664     0.1253    35.6164 0.0000e+00
    200.000    12.4077   4.111922    5.08248     0.0476     0.1301    35.6171 0.0000e+00
    199.000    12.4141   4.112541    5.07200     0.0691     0.1262    35.6175 0.0000e+00
    198.000    12.4529   4.116208    5.09135     0.0697     0.1225    35.6167 0.0000e+00
    197.000    12.4834   4.119195    5.08617     0.0774     0.1209    35.6171 0.0000e+00
    196.000    12.5251   4.123186    5.08466     0.0748     0.1235    35.6166 0.0000e+00
    195.000    12.5399   4.124615    5.08668     0.0952     0.1243    35.6168 0.0000e+00
    194.000    12.5538   4.125908    5.08450     0.0932     0.1255    35.6166 0.0000e+00
    193.000    12.5641   4.126944    5.09002     0.0938     0.1231    35.6173 0.0000e+00
    192.000    12.6051   4.130799    5.09394     0.1043     0.1245    35.6160 0.0000e+00
    191.000    12.6226   4.132398    5.09710     0.1152     0.1246    35.6153 0.0000e+00
    190.000    12.6393   4.133824    5.10080     0.1382     0.1242    35.6137 0.0000e+00
    189.000    12.6609   4.136056    5.10447     0.1705     0.1280    35.6153 0.0000e+00
    188.000    12.6837   4.138158    5.13549     0.2079     0.1250    35.6144 0.0000e+00
    187.000    12.6879   4.138481    5.16183     0.2129     0.1268    35.6140 0.0000e+00
    186.000    12.7091   4.140303    5.16628     0.2276     0.1259    35.6119 0.0000e+00
    185.000    12.7218   4.141549    5.17101     0.2267     0.1254    35.6124 0.0000e+00
    184.000    12.7381   4.143016    5.18857     0.2324     0.1260    35.6115 0.0000e+00
    183.000    12.7506   4.144202    5.20980     0.2413     0.1267    35.6115 0.0000e+00
    182.000    12.7640   4.145362    5.21952     0.2582     0.1277    35.6105 0.0000e+00
    181.000    12.7733   4.146189    5.22494     0.2622     0.1282    35.6101 0.0000e+00
    180.000    12.7804   4.146841    5.23469     0.2535     0.1280    35.6101 0.0000e+00
    179.000    12.7919   4.147896    5.25216     0.2724     0.1265    35.6098 0.0000e+00
    178.000    12.8153   4.150058    5.26458     0.3127     0.1246    35.6089 0.0000e+00
    177.000    12.8516   4.153004    5.26515     0.3846     0.1261    35.6034 0.0000e+00
    176.000    12.8448   4.152349    5.30464     0.4363     0.1289    35.6040 0.0000e+00
    175.000    12.8854   4.155730    5.31820     0.5053     0.1293    35.5986 0.0000e+00
    174.000    12.9102   4.157790    5.32495     0.5757     0.1313    35.5954 0.0000e+00
    173.000    12.9191   4.158605    5.33559     0.6236     0.1314    35.5952 0.0000e+00
    172.000    12.9243   4.158975    5.36958     0.6454     0.1262    35.5943 0.0000e+00
    171.000    12.9286   4.159363    5.40686     0.6271     0.1285    35.5944 0.0000e+00
    170.000    12.9318   4.159627    5.43749     0.6538     0.1317    35.5944 0.0000e+00
    169.000    12.9322   4.159591    5.46003     0.7061     0.1335    35.5941 0.0000e+00
    168.000    12.9327   4.159578    5.51423     0.6911     0.1309    35.5939 0.0000e+00
    167.000    12.9320   4.159450    5.55843     0.6597     0.1329    35.5938 0.0000e+00
    166.000    12.9334   4.159552    5.57352     0.6961     0.1329    35.5938 0.0000e+00
    165.000    12.9344   4.159592    5.54881     0.6916     0.1304    35.5938 0.0000e+00
    164.000    12.9348   4.159586    5.54830     0.7092     0.1306    35.5937 0.0000e+00
    163.000    12.9351   4.159582    5.56248     0.7304     0.1300    35.5938 0.0000e+00
    162.000    12.9377   4.159793    5.56984     0.7151     0.1284    35.5939 0.0000e+00
    161.000    12.9399   4.160037    5.56573     0.6940     0.1280    35.5946 0.0000e+00
    160.000    12.9410   4.160123    5.57311     0.6543     0.1298    35.5948 0.0000e+00
    159.000    12.9414   4.160126    5.57742     0.6648     0.1301    35.5949 0.0000e+00
    158.000    12.9426   4.160223    5.57233     0.6746     0.1308    35.5951 0.0000e+00
    157.000    12.9422   4.160128    5.58556     0.6755     0.1324    35.5950 0.0000e+00
    156.000    12.9413   4.159955    5.58529     0.7175     0.1277    35.5946 0.0000e+00
    155.000    12.9409   4.159859    5.57414     0.6964     0.1295    35.5945 0.0000e+00
    154.000    12.9407   4.159776    5.58056     0.6977     0.1305    35.5944 0.0000e+00
    153.000    12.9411   4.159812    5.58887     0.7097     0.1306    35.5948 0.0000e+00
    152.000    12.9440   4.160119    5.58692     0.7082     0.1283    35.5954 0.0000e+00
    151.000    12.9484   4.160655    5.58638     0.6975     0.1293    35.5968 0.0000e+00
    150.000    12.9492   4.160658    5.58369     0.7345     0.1300    35.5965 0.0000e+00
    149.000    12.9539   4.161191    5.57695     0.7189     0.1291    35.5976 0.0000e+00
    148.000    12.9569   4.161551    5.58435     0.7081     0.1290    35.5987 0.0000e+00
    147.000    12.9589   4.161721    5.59649     0.6931     0.1279    35.5989 0.0000e+00
    146.000    12.9593   4.161759    5.58862     0.6956     0.1291    35.5992 0.0000e+00
    145.000    12.9598   4.161791    5.57819     0.7130     0.1292    35.5995 0.0000e+00
    144.000    12.9604   4.161807    5.59053     0.7449     0.1297    35.5996 0.0000e+00
    143.000    12.9615   4.161911    5.58401     0.7347     0.1328    35.5999 0.0000e+00
    142.000    12.9620   4.161949    5.57679     0.6990     0.1311    35.6003 0.0000e+00
    141.000    12.9621   4.161909    5.57616     0.6943     0.1300    35.6002 0.0000e+00
    140.000    12.9631   4.161972    5.57393     0.6934     0.1293    35.6003 0.0000e+00
    139.000    12.9633   4.161975    5.56134     0.6909     0.1293    35.6005 0.0000e+00
    138.000    12.9641   4.162037    5.56470     0.6937     0.1300    35.6008 0.0000e+00
    137.000    12.9663   4.162272    5.59008     0.7467     0.1315    35.6015 0.0000e+00
    136.000    12.9648   4.162013    5.57898     0.7898     0.1304    35.6008 0.0000e+00
    135.000    12.9621   4.161695    5.57387     0.7413     0.1299    35.6007 0.0000e+00
    134.000    12.9595   4.161352    5.57306     0.7795     0.1306    35.6003 0.0000e+00
    133.000    12.9593   4.161249    5.57130     0.7815     0.1316    35.6000 0.0000e+00
    132.000    12.9596   4.161233    5.56820     0.7582     0.1288    35.6000 0.0000e+00
    131.000    12.9600   4.161211    5.56670     0.7430     0.1279    35.5998 0.0000e+00
    130.000    12.9640   4.161691    5.57202     0.7300     0.1287    35.6011 0.0000e+00
    129.000    12.9655   4.161812    5.57062     0.6950     0.1283    35.6013 0.0000e+00
    128.000    12.9659   4.161837    5.56885     0.7271     0.1294    35.6016 0.0000e+00
    127.000    12.9668   4.161909    5.55770     0.8159     0.1297    35.6018 0.0000e+00
    126.000    12.9681   4.162068    5.56000     0.7612     0.1302    35.6025 0.0000e+00
    125.000    12.9680   4.162010    5.57287     0.7365     0.1294    35.6025 0.0000e+00
    124.000    12.9678   4.161924    5.57058     0.7061     0.1280    35.6024 0.0000e+00
    123.000    12.9676   4.161862    5.58600     0.7170     0.1295    35.6023 0.0000e+00
    122.000    12.9676   4.161827    5.58366     0.7298     0.1305    35.6025 0.0000e+00
    121.000    12.9677   4.161807    5.57403     0.7567     0.1311    35.6027 0.0000e+00
    120.000    12.9674   4.161717    5.57221     0.7564     0.1264    35.6024 0.0000e+00
    119.000    12.9675   4.161673    5.57734     0.7060     0.1294    35.6024 0.0000e+00
    118.000    12.9677   4.161653    5.58532     0.7259     0.1294    35.6025 0.0000e+00
    117.000    12.9682   4.161689    5.58693     0.7435     0.1297    35.6027 0.0000e+00
    116.000    12.9685   4.161670    5.59428     0.7582     0.1338    35.6027 0.0000e+00
    115.000    12.9688   4.161666    5.58487     0.7415     0.1315    35.6029 0.0000e+00
    114.000    12.9684   4.161584    5.55826     0.8281     0.1291    35.6028 0.0000e+00
    113.000    12.9680   4.161510    5.56566     0.7736     0.1285    35.6030 0.0000e+00
    112.000    12.9675   4.161412    5.56261     0.7672     0.1282    35.6029 0.0000e+00
    111.000    12.9676   4.161368    5.56117     0.7304     0.1289    35.6028 0.0000e+00
    110.000    12.9715   4.161782    5.55843     0.7693     0.1292    35.6036 0.0000e+00
    109.000    12.9724   4.161847    5.56958     0.7740     0.1286    35.6038 0.0000e+00
    108.000    12.9732   4.161936    5.58477     0.7658     0.1293    35.6043 0.0000e+00
    107.000    12.9741   4.162001    5.58658     0.7894     0.1270    35.6045 0.0000e+00
    106.000    12.9761   4.162172    5.58338     0.7306     0.1313    35.6047 0.0000e+00
    105.000    12.9761   4.162143    5.58687     0.7940     0.1287    35.6048 0.0000e+00
    104.000    12.9769   4.162212    5.58057     0.8162     0.1298    35.6051 0.0000e+00
    103.000    12.9774   4.162210    5.58454     0.8657     0.1323    35.6051 0.0000e+00
    102.000    12.9782   4.162258    5.58158     0.8697     0.1313    35.6053 0.0000e+00
    101.000    12.9790   4.162304    5.58856     0.9358     0.1289    35.6053 0.0000e+00
    100.000    12.9817   4.162552    5.58226     0.8976     0.1294    35.6056 0.0000e+00
     99.000    12.9846   4.162830    5.58167     0.8673     0.1291    35.6061 0.0000e+00
     98.000    12.9849   4.162839    5.58450     0.8459     0.1285    35.6063 0.0000e+00
     97.000    12.9857   4.162874    5.58399     0.8536     0.1292    35.6063 0.0000e+00
     96.000    12.9861   4.162906    5.58834     0.8477     0.1294    35.6066 0.0000e+00
     95.000    12.9865   4.162870    5.57676     0.8502     0.1306    35.6063 0.0000e+00
     94.000    12.9863   4.162835    5.57731     0.8205     0.1278    35.6066 0.0000e+00
     93.000    12.9865   4.162781    5.59931     0.8280     0.1272    35.6064 0.0000e+00
     92.000    12.9861   4.162722    5.61460     0.8635     0.1293    35.6066 0.0000e+00
     91.000    12.9857   4.162633    5.60545     0.8269     0.1303    35.6066 0.0000e+00
     90.000    12.9855   4.162592    5.59681     0.8390     0.1295    35.6068 0.0000e+00
     89.000    12.9853   4.162494    5.57318     0.8460     0.1284    35.6065 0.0000e+00
     88.000    12.9852   4.162461    5.58265     0.8494     0.1305    35.6067 0.0000e+00
     87.000    12.9851   4.162386    5.58168     0.8645     0.1292    35.6065 0.0000e+00
     86.000    12.9849   4.162292    5.57599     0.8319     0.1304    35.6062 0.0000e+00
     85.000    12.9846   4.162240    5.57531     0.8135     0.1303    35.6064 0.0000e+00
     84.000    12.9847   4.162243    5.57357     0.8381     0.1298    35.6068 0.0000e+00
     83.000    12.9847   4.162164    5.57870     0.8371     0.1296    35.6065 0.0000e+00
     82.000    12.9841   4.162080    5.58865     0.8149     0.1294    35.6066 0.0000e+00
     81.000    12.9841   4.162021    5.60835     0.8679     0.1288    35.6065 0.0000e+00
     80.000    12.9847   4.162047    5.60037     0.8632     0.1283    35.6067 0.0000e+00
     79.000    12.9851   4.162049    5.58284     0.9526     0.1297    35.6067 0.0000e+00
     78.000    12.9849   4.161952    5.56985     0.9041     0.1289    35.6064 0.0000e+00
     77.000    12.9845   4.161886    5.57462     0.8844     0.1282    35.6066 0.0000e+00
     76.000    12.9844   4.161837    5.57857     0.8799     0.1294    35.6066 0.0000e+00
     75.000    12.9843   4.161763    5.56704     0.8641     0.1285    35.6065 0.0000e+00
     74.000    12.9840   4.161719    5.56945     0.8726     0.1271    35.6067 0.0000e+00
     73.000    12.9839   4.161638    5.57615     0.8558     0.1277    35.6066 0.0000e+00
     72.000    12.9837   4.161576    5.57658     0.8416     0.1301    35.6065 0.0000e+00
     71.000    12.9833   4.161483    5.58568     0.8687     0.1305    35.6065 0.0000e+00
     70.000    12.9834   4.161450    5.57951     0.8707     0.1292    35.6065 0.0000e+00
     69.000    12.9835   4.161414    5.58131     0.8514     0.1295    35.6065 0.0000e+00
     68.000    12.9836   4.161360    5.59456     0.8713     0.1307    35.6064 0.0000e+00
     67.000    12.9837   4.161343    5.59430     0.8714     0.1300    35.6065 0.0000e+00
     66.000    12.9836   4.161294    5.58542     0.8726     0.1300    35.6065 0.0000e+00
     65.000    12.9833   4.161228    5.57506     0.8520     0.1298    35.6067 0.0000e+00
     64.000    12.9832   4.161178    5.57264     0.8440     0.1314    35.6067 0.0000e+00
     63.000    12.9830   4.161105    5.58312     0.8418     0.1322    35.6066 0.0000e+00
     62.000    12.9831   4.161049    5.59135     0.8385     0.1321    35.6064 0.0000e+00
     61.000    12.9830   4.161031    5.59371     0.8420     0.1322    35.6068 0.0000e+00
     60.000    12.9829   4.160961    5.60005     0.8554     0.1304    35.6066 0.0000e+00
     59.000    12.9833   4.160957    5.57687     0.8501     0.1291    35.6067 0.0000e+00
     58.000    12.9852   4.161120    5.57701     0.8636     0.1282    35.6069 0.0000e+00
     57.000    12.9889   4.161424    5.58091     0.8886     0.1308    35.6068 0.0000e+00
     56.000    12.9897   4.161462    5.58145     0.8974     0.1317    35.6068 0.0000e+00
     55.000    12.9907   4.161517    5.57605     0.9014     0.1292    35.6068 0.0000e+00
     54.000    12.9914   4.161587    5.57234     0.9016     0.1284    35.6072 0.0000e+00
     53.000    12.9917   4.161550    5.57935     0.8756     0.1295    35.6070 0.0000e+00
     52.000    12.9925   4.161564    5.59568     0.8744     0.1301    35.6069 0.0000e+00
     51.000    12.9925   4.161562    5.59778     0.9177     0.1302    35.6072 0.0000e+00
     50.000    12.9926   4.161528    5.60431     1.0131     0.1292    35.6072 0.0000e+00
     49.000    12.9933   4.161542    5.59036     0.9598     0.1283    35.6071 0.0000e+00
     48.000    12.9938   4.161577    5.57179     0.9483     0.1397    35.6075 0.0000e+00
     47.000    12.9999   4.162102    5.56730     0.9609     0.1311    35.6072 0.0000e+00
     46.000    13.0024   4.162300    5.57921     0.9596     0.1281    35.6072 0.0000e+00
     45.000    13.0048   4.162453    5.58458     0.9393     0.1307    35.6068 0.0000e+00
