tests/test3_bad_locations/c005.cnv
* Sea-Bird SBE25 Data File:
* FileName = C:\Users\seco1\Desktop\CAREVA0316\c005.hex
* Software Version 1.59
* Temperature SN = 5117
* Conductivity SN = 3687
* System UpLoad Time = Mar 08 2016 22:16:41
** Ship: Vizconde de Eza
** Cruise: Careva0316
** Station:40
** Cast:005
** Latitude:43 52.228 N
** Longitude:02 49.471 W
** Date:08/03/2016
** Time GMT:21:20
** Depth:1583
# nquan = 8
# nvalues = 401                         
# units = specified
# name 0 = prSM: Pressure, Strain Gauge [db]
# name 1 = t090C: Temperature [ITS-90, deg C]
# name 2 = c0S/m: Conductivity [S/m]
# name 3 = sbeox0ML/L: Oxygen, SBE 43 [ml/l]
# name 4 = flECO-AFL: Fluorescence, WET Labs ECO-AFL/FL [mg/m^3]
# name 5 = turbWETntu0: Turbidity, WET Labs ECO [NTU]
# name 6 = sal00: Salinity, Practical [PSU]
# name 7 = flag: flag
# span 0 =      1.000,    201.000       
# span 1 =    12.3630,    13.1595       
# span 2 =   4.108554,   4.176257       
# span 3 =    5.02708,    7.91918       
# span 4 =     0.0377,     0.8158       
# span 5 =     0.1225,     0.1458       
# span 6 =    35.4233,    35.6318       
# span 7 = 0.0000e+00, 0.0000e+00       
# interval = decibars: 1                
# start_time = Mar 09 2016 22:49:34 [Instrument's time stamp, header]
# bad_flag = -9.990e-29
*END*
[from data line 180]
    181.000    12.9171   4.160529    5.54701     0.3592     0.1272    35.6121 0.0000e+00
    182.000    12.9153   4.160416    5.54345     0.3054     0.1257    35.6123 0.0000e+00
    183.000    12.9055   4.159401    5.53685     0.2997     0.1258    35.6114 0.0000e+00
    184.000    12.8724   4.156617    5.51750     0.3158     0.1253    35.6154 0.0000e+00
    185.000    12.8505   4.154600    5.42929     0.3015     0.1260    35.6163 0.0000e+00
    186.000    12.8150   4.151232    5.38442     0.2994     0.1279    35.6170 0.0000e+00
    187.000    12.7747   4.147366    5.38355     0.2568     0.1247    35.6174 0.0000e+00
    188.000    12.6967   4.140272    5.37136     0.1788     0.1258    35.6224 0.0000e+00
    189.000    12.6799   4.138780    5.36917     0.1621     0.1243    35.6236 0.0000e+00
    190.000    12.6724   4.138021    5.36300     0.1474     0.1235    35.6229 0.0000e+00
    191.000    12.6525   4.136286    5.32966     0.1201     0.1229    35.6246 0.0000e+00
    192.000    12.6488   4.135914    5.28335     0.1220     0.1245    35.6241 0.0000e+00
    193.000    12.6359   4.134748    5.25649     0.1181     0.1256    35.6246 0.0000e+00
    194.000    12.6116   4.132519    5.21979     0.1206     0.1228    35.6257 0.0000e+00
    195.000    12.5668   4.128424    5.17361     0.1055     0.1233    35.6281 0.0000e+00
    196.000    12.4894   4.121262    5.15598     0.1039     0.1235    35.6318 0.0000e+00
    197.000    12.4610   4.118041    5.14055     0.0937     0.1248    35.6271 0.0000e+00
    198.000    12.4295   4.114890    5.13458     0.0508     0.1251    35.6260 0.0000e+00
    199.000    12.4132   4.113253    5.12849     0.0525     0.1242    35.6253 0.0000e+00
    200.000    12.3747   4.109439    5.12981     0.0491     0.1232    35.6245 0.0000e+00
    201.000    12.3630   4.108554    5.12471     0.0431     0.1225    35.6266 0.0000e+00
    200.000    12.3882   4.110816    5.08475     0.0596     0.1228    35.6250 0.0000e+00
    199.000    12.4055   4.112611    5.03448     0.0521     0.1230    35.6264 0.0000e+00
    198.000    12.4142   4.113480    5.03587     0.0423     0.1233    35.6270 0.0000e+00
    197.000    12.4272   4.114877    5.04871     0.0394     0.1233    35.6286 0.0000e+00
    196.000    12.4636   4.118575    5.06078     0.0490     0.1231    35.6303 0.0000e+00
    195.000    12.4890   4.121073    5.04806     0.0635     0.1240    35.6308 0.0000e+00
    194.000    12.5377   4.125703    5.03059     0.0377     0.1230    35.6298 0.0000e+00
    193.000    12.5698   4.128453    5.02708     0.0442     0.1229    35.6264 0.0000e+00
    192.000    12.6021   4.131560    5.03741     0.0889     0.1231    35.6263 0.0000e+00
    191.000    12.6339   4.134547    5.05208     0.0946     0.1250    35.6254 0.0000e+00
    190.000    12.6492   4.135955    5.04851     0.1003     0.1237    35.6249 0.0000e+00
    189.000    12.6641   4.137347    5.03914     0.1301     0.1254    35.6247 0.0000e+00
    188.000    12.6755   4.138352    5.04083     0.1534     0.1241    35.6240 0.0000e+00
    187.000    12.7128   4.141883    5.05613     0.1232     0.1235    35.6232 0.0000e+00
    186.000    12.7650   4.146633    5.06269     0.1017     0.1229    35.6200 0.0000e+00
    185.000    12.7993   4.149554    5.06183     0.1431     0.1268    35.6162 0.0000e+00
    184.000    12.7931   4.149091    5.09576     0.1736     0.1275    35.6180 0.0000e+00
    183.000    12.8162   4.151171    5.12789     0.2073     0.1253    35.6166 0.0000e+00
    182.000    12.8556   4.154954    5.16280     0.2580     0.1262    35.6162 0.0000e+00
    181.000    12.8732   4.156633    5.19957     0.3084     0.1250    35.6161 0.0000e+00
    180.000    12.9007   4.158921    5.24388     0.2999     0.1269    35.6126 0.0000e+00
    179.000    12.9070   4.159538    5.25721     0.3170     0.1263    35.6130 0.0000e+00
    178.000    12.9253   4.161168    5.26702     0.3264     0.1257    35.6118 0.0000e+00
    177.000    12.9442   4.162770    5.28373     0.3793     0.1249    35.6098 0.0000e+00
    176.000    12.9552   4.163721    5.31857     0.4367     0.1261    35.6089 0.0000e+00
    175.000    12.9787   4.165911    5.34749     0.4517     0.1272    35.6082 0.0000e+00
    174.000    13.0021   4.167893    5.37031     0.4628     0.1285    35.6056 0.0000e+00
    173.000    13.0135   4.168923    5.38678     0.4772     0.1273    35.6052 0.0000e+00
    172.000    13.0245   4.169838    5.41319     0.5098     0.1285    35.6040 0.0000e+00
    171.000    13.0300   4.170324    5.41853     0.5448     0.1274    35.6038 0.0000e+00
    170.000    13.0331   4.170567    5.41984     0.6157     0.1265    35.6037 0.0000e+00
    169.000    13.0344   4.170611    5.44674     0.6226     0.1285    35.6034 0.0000e+00
    168.000    13.0361   4.170774    5.48219     0.6342     0.1340    35.6038 0.0000e+00
    167.000    13.0377   4.170872    5.50172     0.6078     0.1280    35.6036 0.0000e+00
    166.000    13.0389   4.170908    5.54178     0.6177     0.1276    35.6033 0.0000e+00
    165.000    13.0408   4.171023    5.57564     0.6186     0.1277    35.6030 0.0000e+00
    164.000    13.0424   4.171114    5.58873     0.5946     0.1300    35.6028 0.0000e+00
    163.000    13.0427   4.171095    5.59872     0.5860     0.1289    35.6028 0.0000e+00
    162.000    13.0430   4.171069    5.60073     0.5867     0.1286    35.6027 0.0000e+00
    161.000    13.0431   4.171030    5.59575     0.5941     0.1296    35.6026 0.0000e+00
    160.000    13.0430   4.170960    5.59775     0.6058     0.1275    35.6025 0.0000e+00
    159.000    13.0430   4.170910    5.58692     0.6302     0.1264    35.6024 0.0000e+00
    158.000    13.0438   4.170924    5.57948     0.6193     0.1306    35.6023 0.0000e+00
    157.000    13.0442   4.170924    5.58585     0.6556     0.1289    35.6023 0.0000e+00
    156.000    13.0447   4.170912    5.59770     0.6710     0.1279    35.6021 0.0000e+00
    155.000    13.0452   4.170908    5.61673     0.6281     0.1280    35.6020 0.0000e+00
    154.000    13.0453   4.170844    5.61412     0.6588     0.1290    35.6018 0.0000e+00
    153.000    13.0444   4.170756    5.60152     0.6558     0.1284    35.6022 0.0000e+00
    152.000    13.0451   4.170768    5.60036     0.6288     0.1286    35.6021 0.0000e+00
    151.000    13.0459   4.170808    5.59781     0.6102     0.1294    35.6022 0.0000e+00
    150.000    13.0465   4.170779    5.56474     0.6735     0.1288    35.6018 0.0000e+00
    149.000    13.0463   4.170740    5.54536     0.6993     0.1293    35.6020 0.0000e+00
    148.000    13.0462   4.170711    5.53357     0.7036     0.1277    35.6022 0.0000e+00
    147.000    13.0462   4.170629    5.53712     0.6864     0.1271    35.6020 0.0000e+00
    146.000    13.0456   4.170539    5.54192     0.6686     0.1284    35.6021 0.0000e+00
    145.000    13.0457   4.170503    5.52916     0.6907     0.1270    35.6021 0.0000e+00
    144.000    13.0460   4.170490    5.53890     0.6678     0.1282    35.6021 0.0000e+00
    143.000    13.0460   4.170457    5.55853     0.6564     0.1289    35.6022 0.0000e+00
    142.000    13.0464   4.170419    5.60554     0.6463     0.1363    35.6018 0.0000e+00
    141.000    13.0469   4.170444    5.61174     0.6578     0.1336    35.6021 0.0000e+00
    140.000    13.0469   4.170410    5.60734     0.6585     0.1284    35.6022 0.0000e+00
    139.000    13.0472   4.170401    5.60792     0.6231     0.1280    35.6022 0.0000e+00
    138.000    13.0471   4.170328    5.60564     0.6375     0.1283    35.6021 0.0000e+00
    137.000    13.0469   4.170271    5.59814     0.6297     0.1290    35.6022 0.0000e+00
    136.000    13.0473   4.170277    5.60043     0.6006     0.1293    35.6023 0.0000e+00
    135.000    13.0475   4.170248    5.60640     0.6312     0.1304    35.6022 0.0000e+00
    134.000    13.0474   4.170180    5.60172     0.6314     0.1277    35.6021 0.0000e+00
    133.000    13.0471   4.170117    5.60183     0.6305     0.1276    35.6022 0.0000e+00
    132.000    13.0471   4.170069    5.60120     0.6391     0.1296    35.6022 0.0000e+00
    131.000    13.0469   4.170016    5.60160     0.6719     0.1295    35.6022 0.0000e+00
    130.000    13.0473   4.169994    5.60043     0.6476     0.1281    35.6021 0.0000e+00
    129.000    13.0471   4.169932    5.60907     0.6442     0.1284    35.6022 0.0000e+00
    128.000    13.0471   4.169905    5.60992     0.6461     0.1304    35.6023 0.0000e+00
    127.000    13.0473   4.169862    5.61656     0.6545     0.1294    35.6022 0.0000e+00
    126.000    13.0474   4.169828    5.62837     0.6341     0.1289    35.6022 0.0000e+00
    125.000    13.0474   4.169788    5.62211     0.6555     0.1320    35.6022 0.0000e+00
    124.000    13.0475   4.169748    5.61587     0.6711     0.1266    35.6022 0.0000e+00
    123.000    13.0485   4.169799    5.59811     0.6986     0.1300    35.6021 0.0000e+00
    122.000    13.0491   4.169801    5.58132     0.7024     0.1306    35.6020 0.0000e+00
    121.000    13.0497   4.169826    5.55462     0.7596     0.1261    35.6021 0.0000e+00
    120.000    13.0494   4.169731    5.54901     0.6811     0.1297    35.6020 0.0000e+00
    119.000    13.0513   4.169885    5.53843     0.6687     0.1292    35.6020 0.0000e+00
    118.000    13.0554   4.170265    5.51148     0.6811     0.1290    35.6023 0.0000e+00
    117.000    13.0602   4.170653    5.45923     0.7117     0.1290    35.6019 0.0000e+00
    116.000    13.0602   4.170650    5.46329     0.7403     0.1290    35.6023 0.0000e+00
    115.000    13.0607   4.170673    5.49274     0.7310     0.1282    35.6025 0.0000e+00
    114.000    13.0619   4.170761    5.53748     0.7369     0.1279    35.6026 0.0000e+00
    113.000    13.0632   4.170843    5.58225     0.7539     0.1275    35.6026 0.0000e+00
    112.000    13.0653   4.170976    5.61998     0.7499     0.1280    35.6024 0.0000e+00
    111.000    13.0651   4.170932    5.62253     0.7834     0.1295    35.6026 0.0000e+00
    110.000    13.0657   4.170958    5.61445     0.7824     0.1311    35.6027 0.0000e+00
    109.000    13.0647   4.170831    5.61689     0.7385     0.1290    35.6028 0.0000e+00
    108.000    13.0647   4.170755    5.61001     0.7277     0.1306    35.6026 0.0000e+00
    107.000    13.0646   4.170709    5.61146     0.7400     0.1337    35.6027 0.0000e+00
    106.000    13.0654   4.170729    5.60597     0.7668     0.1379    35.6025 0.0000e+00
    105.000    13.0667   4.170811    5.60255     0.7534     0.1252    35.6024 0.0000e+00
    104.000    13.0699   4.171135    5.59708     0.7491     0.1273    35.6030 0.0000e+00
    103.000    13.0728   4.171374    5.60184     0.7427     0.1285    35.6030 0.0000e+00
    102.000    13.0755   4.171589    5.60569     0.7340     0.1287    35.6029 0.0000e+00
    101.000    13.0758   4.171618    5.61132     0.7191     0.1303    35.6034 0.0000e+00
    100.000    13.0783   4.171812    5.61266     0.7079     0.1277    35.6034 0.0000e+00
     99.000    13.0802   4.171978    5.59848     0.6767     0.1317    35.6035 0.0000e+00
     98.000    13.0808   4.172003    5.60086     0.6796     0.1313    35.6036 0.0000e+00
     97.000    13.0804   4.171901    5.60272     0.7234     0.1300    35.6034 0.0000e+00
     96.000    13.0804   4.171867    5.60160     0.7307     0.1269    35.6036 0.0000e+00
     95.000    13.0806   4.171843    5.59721     0.7041     0.1268    35.6036 0.0000e+00
     94.000    13.0809   4.171807    5.59860     0.6537     0.1269    35.6033 0.0000e+00
     93.000    13.0813   4.171813    5.60497     0.6716     0.1301    35.6035 0.0000e+00
     92.000    13.0815   4.171810    5.60853     0.6768     0.1307    35.6038 0.0000e+00
     91.000    13.0814   4.171731    5.60679     0.6696     0.1306    35.6034 0.0000e+00
     90.000    13.0808   4.171659    5.60217     0.6852     0.1290    35.6038 0.0000e+00
     89.000    13.0799   4.171508    5.60437     0.6788     0.1287    35.6037 0.0000e+00
     88.000    13.0796   4.171433    5.60869     0.6679     0.1283    35.6037 0.0000e+00
     87.000    13.0794   4.171350    5.59870     0.6917     0.1298    35.6035 0.0000e+00
     86.000    13.0796   4.171307    5.59213     0.6709     0.1286    35.6033 0.0000e+00
     85.000    13.0798   4.171287    5.58194     0.6562     0.1305    35.6033 0.0000e+00
     84.000    13.0797   4.171250    5.58934     0.6606     0.1290    35.6036 0.0000e+00
     83.000    13.0800   4.171234    5.60073     0.6592     0.1282    35.6036 0.0000e+00
     82.000    13.0807   4.171262    5.60043     0.6430     0.1280    35.6036 0.0000e+00
     81.000    13.0813   4.171266    5.59406     0.6116     0.1281    35.6035 0.0000e+00
     80.000    13.0813   4.171256    5.59082     0.6096     0.1278    35.6038 0.0000e+00
     79.000    13.0815   4.171200    5.59531     0.6063     0.1269    35.6036 0.0000e+00
     78.000    13.0812   4.171137    5.60337     0.6528     0.1292    35.6037 0.0000e+00
     77.000    13.0808   4.171062    5.62248     0.6980     0.1295    35.6037 0.0000e+00
     76.000    13.0814   4.171050    5.61199     0.6776     0.1303    35.6035 0.0000e+00
     75.000    13.0818   4.171047    5.60716     0.6795     0.1284    35.6035 0.0000e+00
     74.000    13.0820   4.171016    5.60520     0.6416     0.1282    35.6035 0.0000e+00
     73.000    13.0841   4.171203    5.60498     0.6461     0.1294    35.6037 0.0000e+00
     72.000    13.0866   4.171408    5.60346     0.6309     0.1295    35.6037 0.0000e+00
     71.000    13.0893   4.171649    5.60313     0.6091     0.1283    35.6039 0.0000e+00
     70.000    13.0923   4.171901    5.60381     0.6233     0.1284    35.6040 0.0000e+00
     69.000    13.0934   4.171983    5.60129     0.6306     0.1294    35.6041 0.0000e+00
     68.000    13.0951   4.172118    5.59996     0.6438     0.1282    35.6042 0.0000e+00
     67.000    13.0976   4.172303    5.59194     0.6322     0.1298    35.6042 0.0000e+00
     66.000    13.0966   4.172192    5.57843     0.6322     0.1327    35.6045 0.0000e+00
     65.000    13.0980   4.172281    5.56818     0.6588     0.1285    35.6044 0.0000e+00
     64.000    13.0982   4.172258    5.57138     0.6451     0.1318    35.6044 0.0000e+00
     63.000    13.0987   4.172247    5.57792     0.6685     0.1288    35.6043 0.0000e+00
     62.000    13.0990   4.172229    5.56970     0.6661     0.1296    35.6043 0.0000e+00
     61.000    13.0994   4.172228    5.56691     0.6586     0.1309    35.6043 0.0000e+00
     60.000    13.0998   4.172228    5.57793     0.6864     0.1329    35.6044 0.0000e+00
     59.000    13.0998   4.172196    5.58121     0.6741     0.1318    35.6045 0.0000e+00
     58.000    13.0996   4.172115    5.58251     0.6490     0.1298    35.6043 0.0000e+00
     57.000    13.0999   4.172097    5.58533     0.6181     0.1305    35.6044 0.0000e+00
     56.000    13.1002   4.172088    5.58955     0.6532     0.1301    35.6044 0.0000e+00
     55.000    13.1007   4.172098    5.59056     0.6666     0.1289    35.6045 0.0000e+00
     54.000    13.1010   4.172077    5.58870     0.6692     0.1290    35.6044 0.0000e+00
     53.000    13.1011   4.172045    5.56987     0.6957     0.1321    35.6044 0.0000e+00
     52.000    13.1011   4.171981    5.57120     0.7253     0.1317    35.6042 0.0000e+00
     51.000    13.1010   4.171944    5.57955     0.7273     0.1282    35.6044 0.0000e+00
     50.000    13.1007   4.171862    5.58767     0.7411     0.1293    35.6043 0.0000e+00
     49.000    13.1007   4.171838    5.59348     0.7214     0.1295    35.6046 0.0000e+00
     48.000    13.1021   4.171905    5.59807     0.7155     0.1297    35.6043 0.0000e+00
     47.000    13.1033   4.171981    5.60432     0.7191     0.1299    35.6044 0.0000e+00
     46.000    13.1038   4.171988    5.60278     0.7084     0.1290    35.6043 0.0000e+00
     45.000    13.1044   4.171992    5.60470     0.7054     0.1292    35.6043 0.0000e+00
     44.000    13.1050   4.172025    5.60982     0.6969     0.1299    35.6045 0.0000e+00
     43.000    13.1061   4.172094    5.61642     0.7417     0.1302    35.6046 0.0000e+00
