tests/test3_bad_locations/c005.cnv
* Sea-Bird SBE25 Data File:
* FileName = C:\Users\seco1\Desktop\CAREVA0316\c005.hex
* Software Version 1.59
* Temperature SN = 5117
* Conductivity SN = 3687
* System UpLoad Time = Mar 08 2016 22:16:41
** Ship: Vizconde de Eza
** Cruise: Careva0316
** Station:40
** Cast:005
** Latitude:43 52.228 N
** Longitude:02 49.471 W
** Date:08/03/2016
** Time GMT:21:20
** Depth:1583
# nquan = 8
# nvalues = 401                         
# units = specified
# name 0 = prSM: Pressure, Strain Gauge [db]
# name 1 = t090C: Temperature [ITS-90, deg C]
# name 2 = c0S/m: Conductivity [S/m]
# name 3 = sbeox0ML/L: Oxygen, SBE 43 [ml/l]
# name 4 = flECO-AFL: Fluorescence, WET Labs ECO-AFL/FL [mg/m^3]
# name 5 = turbWETntu0: Turbidity, WET Labs ECO [NTU]
# name 6 = sal00: Salinity, Practical [PSU]
# name 7 = flag: flag
# span 0 =      1.000,    201.000       
# span 1 =    12.3630,    13.1595       
# span 2 =   4.108554,   4.176257       
# span 3 =    5.02708,    7.91918       
# span 4 =     0.0377,     0.8158       
# span 5 =     0.1225,     0.1458       
# span 6 =    35.4233,    35.6318       
# span 7 = 0.0000e+00, 0.0000e+00       
# interval = decibars: 1                
# start_time = Mar 09 2016 22:49:34 [Instrument's time stamp, header]
# bad_flag = -9.990e-29
*END*
      1.000    13.1395   4.157966    7.91918     0.7181     0.1458    35.4568 0.0000e+00
      2.000    13.1335   4.153274    7.63572     0.7884     0.1335    35.4233 0.0000e+00
      3.000    13.1391   4.172482    5.32568     0.7532     0.1318    35.5943 0.0000e+00
      4.000    13.1409   4.174075    5.47648     0.7910     0.1301    35.6076 0.0000e+00
      5.000    13.1417   4.174068    5.40090     0.8118     0.1305    35.6064 0.0000e+00
      6.000    13.1449   4.174412    5.43561     0.8026     0.1309    35.6062 0.0000e+00
      7.000    13.1455   4.174524    5.47300     0.7775     0.1317    35.6063 0.0000e+00
      8.000    13.1454   4.174551    5.40541     0.7814     0.1296    35.6062 0.0000e+00
      9.000    13.1456   4.174622    5.36044     0.7784     0.1292    35.6063 0.0000e+00
     10.000    13.1458   4.174672    5.37921     0.7591     0.1298    35.6062 0.0000e+00
     11.000    13.1463   4.174777    5.42824     0.7781     0.1321    35.6062 0.0000e+00
     12.000    13.1465   4.174847    5.43910     0.8158     0.1311    35.6063 0.0000e+00
     13.000    13.1465   4.174886    5.42337     0.7773     0.1311    35.6062 0.0000e+00
     14.000    13.1463   4.174899    5.45632     0.7867     0.1314    35.6061 0.0000e+00
     15.000    13.1465   4.174981    5.41155     0.7750     0.1313    35.6062 0.0000e+00
     16.000    13.1462   4.174975    5.43012     0.7697     0.1304    35.6061 0.0000e+00
     17.000    13.1460   4.175032    5.55138     0.7597     0.1307    35.6064 0.0000e+00
     18.000    13.1467   4.175162    5.61935     0.7338     0.1314    35.6065 0.0000e+00
     19.000    13.1465   4.175145    5.65507     0.7247     0.1320    35.6061 0.0000e+00
     20.000    13.1463   4.175202    5.67559     0.7039     0.1307    35.6064 0.0000e+00
     21.000    13.1463   4.175197    5.64503     0.7198     0.1314    35.6059 0.0000e+00
     22.000    13.1461   4.175224    5.61169     0.7170     0.1327    35.6060 0.0000e+00
     23.000    13.1464   4.175335    5.62493     0.7051     0.1329    35.6062 0.0000e+00
     24.000    13.1467   4.175392    5.64277     0.7016     0.1326    35.6061 0.0000e+00
     25.000    13.1470   4.175487    5.64117     0.7191     0.1327    35.6062 0.0000e+00
     26.000    13.1470   4.175532    5.63293     0.7425     0.1316    35.6063 0.0000e+00
     27.000    13.1469   4.175559    5.64266     0.7593     0.1292    35.6062 0.0000e+00
     28.000    13.1469   4.175575    5.65680     0.7630     0.1304    35.6059 0.0000e+00
     29.000    13.1468   4.175630    5.64384     0.7321     0.1330    35.6061 0.0000e+00
     30.000    13.1472   4.175715    5.64123     0.7317     0.1321    35.6061 0.0000e+00
     31.000    13.1467   4.175720    5.64409     0.7336     0.1306    35.6062 0.0000e+00
     32.000    13.1435   4.175415    5.64678     0.7304     0.1317    35.6059 0.0000e+00
     33.000    13.1394   4.175016    5.64626     0.7226     0.1358    35.6054 0.0000e+00
     34.000    13.1379   4.174936    5.62675     0.7390     0.1328    35.6057 0.0000e+00
     35.000    13.1354   4.174772    5.62225     0.7368     0.1301    35.6060 0.0000e+00
     36.000    13.1361   4.174736    5.62010     0.7406     0.1295    35.6046 0.0000e+00
     37.000    13.1289   4.174129    5.63052     0.7643     0.1330    35.6051 0.0000e+00
     38.000    13.1235   4.173648    5.63663     0.7557     0.1374    35.6051 0.0000e+00
     39.000    13.1205   4.173366    5.63816     0.7557     0.1360    35.6049 0.0000e+00
     40.000    13.1159   4.172994    5.63223     0.7781     0.1335    35.6052 0.0000e+00
     41.000    13.1137   4.172765    5.63102     0.7536     0.1310    35.6046 0.0000e+00
     42.000    13.1113   4.172606    5.60950     0.7046     0.1306    35.6050 0.0000e+00
     43.000    13.1105   4.172568    5.61105     0.7107     0.1303    35.6049 0.0000e+00
     44.000    13.1103   4.172598    5.61738     0.7232     0.1318    35.6049 0.0000e+00
     45.000    13.1086   4.172493    5.62706     0.7160     0.1318    35.6051 0.0000e+00
     46.000    13.1074   4.172381    5.62149     0.7258     0.1316    35.6048 0.0000e+00
     47.000    13.1066   4.172360    5.61749     0.7337     0.1378    35.6048 0.0000e+00
     48.000    13.1061   4.172385    5.62108     0.7336     0.1355    35.6051 0.0000e+00
     49.000    13.1058   4.172357    5.62601     0.7170     0.1313    35.6048 0.0000e+00
     50.000    13.1045   4.172259    5.61858     0.7323     0.1293    35.6046 0.0000e+00
     51.000    13.1053   4.172423    5.60523     0.7092     0.1320    35.6050 0.0000e+00
     52.000    13.1044   4.172364    5.60360     0.7103     0.1300    35.6049 0.0000e+00
     53.000    13.1037   4.172332    5.60736     0.6997     0.1312    35.6047 0.0000e+00
     54.000    13.1031   4.172346    5.61595     0.7018     0.1326    35.6050 0.0000e+00
     55.000    13.1025   4.172338    5.61827     0.7220     0.1313    35.6050 0.0000e+00
     56.000    13.1026   4.172376    5.61506     0.7325     0.1303    35.6049 0.0000e+00
     57.000    13.1028   4.172420    5.61977     0.7255     0.1304    35.6047 0.0000e+00
     58.000    13.1030   4.172476    5.62444     0.7080     0.1309    35.6046 0.0000e+00
     59.000    13.1013   4.172403    5.63446     0.7725     0.1316    35.6051 0.0000e+00
     60.000    13.1013   4.172422    5.62073     0.6923     0.1306    35.6048 0.0000e+00
     61.000    13.1007   4.172388    5.61630     0.6647     0.1339    35.6046 0.0000e+00
     62.000    13.1004   4.172406    5.60777     0.6540     0.1321    35.6046 0.0000e+00
     63.000    13.1000   4.172417    5.60519     0.6858     0.1337    35.6047 0.0000e+00
     64.000    13.0994   4.172412    5.60880     0.6863     0.1322    35.6047 0.0000e+00
     65.000    13.0995   4.172467    5.61174     0.6765     0.1307    35.6048 0.0000e+00
     66.000    13.0992   4.172487    5.62073     0.6512     0.1325    35.6048 0.0000e+00
     67.000    13.0992   4.172514    5.62858     0.6509     0.1306    35.6047 0.0000e+00
     68.000    13.0979   4.172435    5.61614     0.6141     0.1308    35.6047 0.0000e+00
     69.000    13.0977   4.172447    5.60655     0.6021     0.1301    35.6045 0.0000e+00
     70.000    13.0983   4.172539    5.60912     0.6027     0.1308    35.6044 0.0000e+00
     71.000    13.0968   4.172436    5.60917     0.6160     0.1334    35.6044 0.0000e+00
     72.000    13.0925   4.172095    5.60610     0.6021     0.1324    35.6047 0.0000e+00
     73.000    13.0945   4.172305    5.60155     0.6167     0.1312    35.6044 0.0000e+00
     74.000    13.0919   4.172045    5.60987     0.6101     0.1343    35.6040 0.0000e+00
     75.000    13.0852   4.171452    5.62888     0.6142     0.1336    35.6042 0.0000e+00
     76.000    13.0846   4.171411    5.63609     0.6087     0.1317    35.6040 0.0000e+00
     77.000    13.0847   4.171496    5.64301     0.6292     0.1323    35.6042 0.0000e+00
     78.000    13.0853   4.171587    5.63742     0.6003     0.1303    35.6041 0.0000e+00
     79.000    13.0840   4.171489    5.63749     0.6104     0.1315    35.6040 0.0000e+00
     80.000    13.0845   4.171581    5.63996     0.6111     0.1318    35.6039 0.0000e+00
     81.000    13.0848   4.171707    5.64064     0.6143     0.1310    35.6044 0.0000e+00
     82.000    13.0845   4.171689    5.63536     0.6198     0.1312    35.6041 0.0000e+00
     83.000    13.0827   4.171554    5.63590     0.6214     0.1308    35.6040 0.0000e+00
     84.000    13.0816   4.171456    5.64297     0.6232     0.1294    35.6038 0.0000e+00
     85.000    13.0816   4.171519    5.64045     0.6206     0.1298    35.6039 0.0000e+00
     86.000    13.0817   4.171601    5.63373     0.6158     0.1306    35.6041 0.0000e+00
     87.000    13.0820   4.171681    5.63450     0.6024     0.1316    35.6042 0.0000e+00
     88.000    13.0815   4.171647    5.64474     0.6101     0.1315    35.6039 0.0000e+00
     89.000    13.0812   4.171651    5.63773     0.6122     0.1311    35.6038 0.0000e+00
     90.000    13.0811   4.171688    5.62706     0.6431     0.1330    35.6038 0.0000e+00
     91.000    13.0827   4.171922    5.62500     0.6474     0.1351    35.6040 0.0000e+00
     92.000    13.0823   4.171918    5.63302     0.6493     0.1314    35.6040 0.0000e+00
     93.000    13.0827   4.171996    5.63723     0.6494     0.1320    35.6039 0.0000e+00
     94.000    13.0841   4.172208    5.64865     0.6467     0.1318    35.6042 0.0000e+00
     95.000    13.0843   4.172252    5.65500     0.6343     0.1304    35.6040 0.0000e+00
     96.000    13.0843   4.172306    5.64290     0.6264     0.1309    35.6041 0.0000e+00
     97.000    13.0838   4.172269    5.63018     0.6060     0.1331    35.6038 0.0000e+00
     98.000    13.0840   4.172339    5.62194     0.6155     0.1314    35.6039 0.0000e+00
     99.000    13.0837   4.172371    5.62765     0.6349     0.1316    35.6040 0.0000e+00
    100.000    13.0841   4.172450    5.64218     0.6409     0.1323    35.6040 0.0000e+00
    101.000    13.0787   4.171918    5.64771     0.6456     0.1326    35.6035 0.0000e+00
    102.000    13.0774   4.171842    5.64822     0.6494     0.1301    35.6036 0.0000e+00
    103.000    13.0735   4.171489    5.64739     0.6808     0.1313    35.6034 0.0000e+00
    104.000    13.0698   4.171173    5.63661     0.7373     0.1348    35.6035 0.0000e+00
    105.000    13.0678   4.171002    5.64163     0.7322     0.1296    35.6033 0.0000e+00
    106.000    13.0682   4.171013    5.64180     0.7335     0.1303    35.6026 0.0000e+00
    107.000    13.0670   4.170982    5.64409     0.7103     0.1333    35.6030 0.0000e+00
    108.000    13.0655   4.170870    5.63964     0.7302     0.1312    35.6029 0.0000e+00
    109.000    13.0653   4.170919    5.64604     0.7416     0.1309    35.6031 0.0000e+00
    110.000    13.0651   4.170942    5.64862     0.7346     0.1320    35.6031 0.0000e+00
    111.000    13.0650   4.170955    5.65497     0.7301     0.1330    35.6029 0.0000e+00
    112.000    13.0645   4.170967    5.65959     0.7208     0.1371    35.6030 0.0000e+00
    113.000    13.0639   4.170964    5.65966     0.7109     0.1330    35.6031 0.0000e+00
    114.000    13.0645   4.171067    5.66154     0.7076     0.1291    35.6031 0.0000e+00
    115.000    13.0650   4.171144    5.64811     0.7367     0.1316    35.6029 0.0000e+00
    116.000    13.0629   4.170964    5.61464     0.7007     0.1328    35.6028 0.0000e+00
    117.000    13.0623   4.170977    5.61021     0.7590     0.1331    35.6030 0.0000e+00
    118.000    13.0637   4.171159    5.62039     0.7421     0.1297    35.6030 0.0000e+00
    119.000    13.0610   4.170919    5.63400     0.7069     0.1299    35.6029 0.0000e+00
    120.000    13.0588   4.170684    5.63790     0.7096     0.1298    35.6023 0.0000e+00
    121.000    13.0516   4.170075    5.63903     0.7275     0.1320    35.6027 0.0000e+00
    122.000    13.0502   4.169965    5.63887     0.7041     0.1314    35.6026 0.0000e+00
    123.000    13.0484   4.169856    5.63691     0.7023     0.1310    35.6028 0.0000e+00
    124.000    13.0481   4.169816    5.58236     0.7252     0.1292    35.6023 0.0000e+00
    125.000    13.0480   4.169932    5.57110     0.6944     0.1305    35.6030 0.0000e+00
    126.000    13.0483   4.169976    5.58950     0.6810     0.1298    35.6027 0.0000e+00
    127.000    13.0480   4.170010    5.58068     0.6501     0.1294    35.6029 0.0000e+00
    128.000    13.0479   4.170056    5.56741     0.6401     0.1306    35.6030 0.0000e+00
    129.000    13.0479   4.170093    5.56391     0.6929     0.1308    35.6029 0.0000e+00
    130.000    13.0479   4.170129    5.55825     0.6906     0.1295    35.6028 0.0000e+00
    131.000    13.0478   4.170152    5.55534     0.6658     0.1321    35.6028 0.0000e+00
    132.000    13.0476   4.170184    5.56426     0.6965     0.1336    35.6029 0.0000e+00
    133.000    13.0474   4.170221    5.56008     0.6363     0.1297    35.6029 0.0000e+00
    134.000    13.0476   4.170303    5.56191     0.6345     0.1284    35.6031 0.0000e+00
    135.000    13.0474   4.170317    5.57998     0.6561     0.1310    35.6030 0.0000e+00
    136.000    13.0471   4.170323    5.58347     0.6562     0.1301    35.6029 0.0000e+00
    137.000    13.0469   4.170331    5.59497     0.6632     0.1289    35.6027 0.0000e+00
    138.000    13.0466   4.170365    5.59016     0.6145     0.1306    35.6029 0.0000e+00
    139.000    13.0461   4.170360    5.59326     0.6247     0.1299    35.6028 0.0000e+00
    140.000    13.0463   4.170412    5.60804     0.6408     0.1310    35.6028 0.0000e+00
    141.000    13.0465   4.170471    5.60721     0.6489     0.1298    35.6027 0.0000e+00
    142.000    13.0464   4.170494    5.60735     0.6258     0.1275    35.6026 0.0000e+00
    143.000    13.0463   4.170562    5.62373     0.6544     0.1325    35.6029 0.0000e+00
    144.000    13.0465   4.170636    5.62354     0.6584     0.1300    35.6030 0.0000e+00
    145.000    13.0467   4.170675    5.61896     0.6576     0.1292    35.6028 0.0000e+00
    146.000    13.0467   4.170699    5.60914     0.6637     0.1306    35.6025 0.0000e+00
    147.000    13.0467   4.170746    5.60998     0.7182     0.1318    35.6026 0.0000e+00
    148.000    13.0463   4.170789    5.61784     0.7440     0.1320    35.6029 0.0000e+00
    149.000    13.0465   4.170843    5.62076     0.6867     0.1300    35.6028 0.0000e+00
    150.000    13.0466   4.170898    5.61837     0.6948     0.1301    35.6028 0.0000e+00
    151.000    13.0465   4.170924    5.61966     0.6473     0.1268    35.6027 0.0000e+00
    152.000    13.0464   4.170959    5.63039     0.6309     0.1289    35.6027 0.0000e+00
    153.000    13.0450   4.170894    5.63067     0.5919     0.1287    35.6030 0.0000e+00
    154.000    13.0452   4.170972    5.62719     0.5772     0.1272    35.6031 0.0000e+00
    155.000    13.0453   4.170992    5.63235     0.5829     0.1290    35.6027 0.0000e+00
    156.000    13.0452   4.171043    5.63187     0.6242     0.1267    35.6029 0.0000e+00
    157.000    13.0452   4.171113    5.63646     0.6343     0.1295    35.6032 0.0000e+00
    158.000    13.0451   4.171147    5.62563     0.6467     0.1294    35.6031 0.0000e+00
    159.000    13.0442   4.171114    5.61357     0.6628     0.1295    35.6033 0.0000e+00
    160.000    13.0438   4.171100    5.59405     0.6631     0.1294    35.6030 0.0000e+00
    161.000    13.0435   4.171164    5.58178     0.6365     0.1290    35.6035 0.0000e+00
    162.000    13.0438   4.171208    5.57964     0.6182     0.1291    35.6033 0.0000e+00
    163.000    13.0439   4.171278    5.57112     0.6195     0.1300    35.6034 0.0000e+00
    164.000    13.0441   4.171321    5.55414     0.6357     0.1292    35.6032 0.0000e+00
    165.000    13.0440   4.171374    5.55313     0.6283     0.1299    35.6033 0.0000e+00
    166.000    13.0435   4.171371    5.58052     0.6258     0.1289    35.6033 0.0000e+00
    167.000    13.0427   4.171343    5.60091     0.6549     0.1292    35.6034 0.0000e+00
    168.000    13.0411   4.171240    5.60984     0.6298     0.1296    35.6035 0.0000e+00
    169.000    13.0374   4.170957    5.62200     0.6017     0.1305    35.6039 0.0000e+00
    170.000    13.0362   4.170878    5.60997     0.6015     0.1296    35.6037 0.0000e+00
    171.000    13.0333   4.170644    5.61171     0.5864     0.1301    35.6039 0.0000e+00
    172.000    13.0306   4.170372    5.61415     0.6190     0.1281    35.6033 0.0000e+00
    173.000    13.0239   4.169897    5.62014     0.6008     0.1298    35.6047 0.0000e+00
    174.000    13.0149   4.169173    5.62408     0.5722     0.1311    35.6058 0.0000e+00
    175.000    13.0103   4.168778    5.63185     0.5310     0.1292    35.6059 0.0000e+00
    176.000    12.9885   4.166814    5.63089     0.5233     0.1289    35.6072 0.0000e+00
    177.000    12.9673   4.164962    5.61501     0.4702     0.1290    35.6090 0.0000e+00
    178.000    12.9617   4.164450    5.59265     0.4188     0.1276    35.6089 0.0000e+00
    179.000    12.9395   4.162401    5.57167     0.4234     0.1282    35.6098 0.0000e+00
