tests/test3_bad_locations/c005.cnv
* Sea-Bird SBE25 Data File:
* FileName = C:\Users\seco1\Desktop\CAREVA0316\c005.hex
* Software Version 1.59
* Temperature SN = 5117
* Conductivity SN = 3687
* System UpLoad Time = Mar 08 2016 22:16:41
** Ship: Vizconde de Eza
** Cruise: Careva0316
** Station:40
** Cast:005
** Latitude:43 52.228 N
** Longitude:02 49.471 W
** Date:08/03/2016
** Time GMT:21:20
** Depth:1583
# nquan = 8
# nvalues = 401                         
# units = specified
# name 0 = prSM: Pressure, Strain Gauge [db]
# name 1 = t090C: Temperature [ITS-90, deg C]
# name 2 = c0S/m: Conductivity [S/m]
# name 3 = sbeox0ML/L: Oxygen, SBE 43 [ml/l]
# name 4 = flECO-AFL: Fluorescence, WET Labs ECO-AFL/FL [mg/m^3]
# name 5 = turbWETntu0: Turbidity, WET Labs ECO [NTU]
# name 6 = sal00: Salinity, Practical [PSU]
# name 7 = flag: flag
# span 0 =      1.000,    201.000       
# span 1 =    12.3630,    13.1595       
# span 2 =   4.108554,   4.176257       
# span 3 =    5.02708,    7.91918       
# span 4 =     0.0377,     0.8158       
# span 5 =     0.1225,     0.1458       
# span 6 =    35.4233,    35.6318       
# span 7 = 0.0000e+00, 0.0000e+00       
# interval = decibars: 1                
# start_time = Mar 09 2016 22:49:34 [Instrument's time stamp, header]
# bad_flag = -9.990e-29
*END*
[from data line 360]
     41.000    13.1071   4.172079    5.59939     0.7526     0.1286    35.6044 0.0000e+00
     40.000    13.1078   4.172106    5.59450     0.7328     0.1313    35.6044 0.0000e+00
     39.000    13.1086   4.172151    5.58780     0.7295     0.1310    35.6045 0.0000e+00
     38.000    13.1095   4.172211    5.58241     0.7453     0.1300    35.6046 0.0000e+00
     37.000    13.1116   4.172367    5.57869     0.7440     0.1301    35.6045 0.0000e+00
     36.000    13.1145   4.172610    5.57427     0.7171     0.1312    35.6046 0.0000e+00
     35.000    13.1234   4.173491    5.57848     0.7442     0.1293    35.6051 0.0000e+00
     34.000    13.1282   4.173900    5.58232     0.7547     0.1289    35.6049 0.0000e+00
     33.000    13.1249   4.173447    5.58269     0.7465     0.1297    35.6041 0.0000e+00
     32.000    13.1268   4.173722    5.57385     0.7710     0.1312    35.6054 0.0000e+00
     31.000    13.1299   4.173971    5.58558     0.8076     0.1330    35.6052 0.0000e+00
     30.000    13.1321   4.174143    5.59473     0.7964     0.1330    35.6052 0.0000e+00
     29.000    13.1366   4.174596    5.59778     0.7740     0.1310    35.6059 0.0000e+00
     28.000    13.1440   4.175293    5.56830     0.7617     0.1313    35.6060 0.0000e+00
     27.000    13.1478   4.175653    5.50492     0.7586     0.1299    35.6063 0.0000e+00
     26.000    13.1487   4.175685    5.49001     0.8073     0.1297    35.6061 0.0000e+00
     25.000    13.1484   4.175623    5.46885     0.8017     0.1311    35.6062 0.0000e+00
     24.000    13.1510   4.175846    5.46860     0.8082     0.1314    35.6064 0.0000e+00
     23.000    13.1530   4.175976    5.47997     0.8002     0.1333    35.6062 0.0000e+00
     22.000    13.1545   4.176106    5.48667     0.7939     0.1327    35.6064 0.0000e+00
     21.000    13.1548   4.176105    5.50762     0.7909     0.1324    35.6066 0.0000e+00
     20.000    13.1556   4.176104    5.54464     0.7816     0.1322    35.6062 0.0000e+00
     19.000    13.1547   4.176010    5.56307     0.7446     0.1332    35.6066 0.0000e+00
     18.000    13.1569   4.176135    5.55421     0.7560     0.1313    35.6062 0.0000e+00
     17.000    13.1559   4.176006    5.52393     0.7942     0.1330    35.6064 0.0000e+00
     16.000    13.1581   4.176166    5.44769     0.7985     0.1310    35.6062 0.0000e+00
     15.000    13.1595   4.176257    5.33551     0.7849     0.1269    35.6062 0.0000e+00
     14.000    13.1594   4.176219    5.29273     0.7799     0.1313    35.6064 0.0000e+00
     13.000    13.1581   4.176034    5.29903     0.7257     0.1310    35.6062 0.0000e+00
     12.000    13.1586   4.176009    5.40375     0.7177     0.1310    35.6060 0.0000e+00
     11.000    13.1578   4.175934    5.48950     0.7403     0.1301    35.6064 0.0000e+00
     10.000    13.1554   4.175619    5.48245     0.7644     0.1305    35.6061 0.0000e+00
      9.000    13.1571   4.175735    5.42188     0.7556     0.1298    35.6061 0.0000e+00
      8.000    13.1584   4.175828    5.42990     0.7774     0.1292    35.6062 0.0000e+00
      7.000    13.1582   4.175766    5.52725     0.7441     0.1293    35.6062 0.0000e+00
      6.000    13.1586   4.175743    5.59112     0.7624     0.1314    35.6061 0.0000e+00
      5.000    13.1586   4.175705    5.60019     0.7555     0.1324    35.6061 0.0000e+00
      4.000    13.1581   4.175610    5.59784     0.7638     0.1325    35.6061 0.0000e+00
      3.000    13.1573   4.175502    5.60375     0.7516     0.1316    35.6063 0.0000e+00
      2.000    13.1534   4.175070    5.58134     0.7532     0.1311    35.6063 0.0000e+00
      1.000    13.1493   4.174598    5.62281     0.7023     0.1297    35.6060 0.0000e+00
