tests/test3_bad_locations/c006.cnv
* Sea-Bird SBE25 Data File:
* FileName = C:\Users\seco1\Desktop\CAREVA0316\006.hex
* Software Version 1.59
* Temperature SN = 5117
* Conductivity SN = 3687
* System UpLoad Time = Mar 09 2016 00:03:44
** Ship: Vizconde de Eza
** Cruise: Careva0316
** Station:41
** Cast:006
** Latitude:43 27.821 N
** Longitude:02 50.11 W
** Date:08/03/2016
** Time GMT:23:35
** Depth:1160
# nquan = 8
# nvalues = 397                         
# units = specified
# name 0 = prSM: Pressure, Strain Gauge [db]
# name 1 = t090C: Temperature [ITS-90, deg C]
# name 2 = c0S/m: Conductivity [S/m]
# name 3 = sbeox0ML/L: Oxygen, SBE 43 [ml/l]
# name 4 = flECO-AFL: Fluorescence, WET Labs ECO-AFL/FL [mg/m^3]
# name 5 = turbWETntu0: Turbidity, WET Labs ECO [NTU]
# name 6 = sal00: Salinity, Practical [PSU]
# name 7 = flag: flag
# span 0 =      1.000,    199.000       
# span 1 =    12.9268,    13.0929       
# span 2 =   4.161702,   4.176137       
# span 3 =    5.31608,    5.80102       
# span 4 =     0.1671,     0.8921       
# span 5 =     0.1211,     0.1413       
# span 6 =    35.5798,    35.6199       
# span 7 = 0.0000e+00, 0.0000e+00       
# interval = decibars: 1                
# start_time = Mar 10 2016 00:34:23 [Instrument's time stamp, header]
# bad_flag = -9.990e-29
*END*
      1.000    13.0839   4.165417    5.31608     0.7643     0.1413    35.5798 0.0000e+00
      2.000    13.0844   4.169702    5.80102     0.7873     0.1308    35.6199 0.0000e+00
      3.000    13.0860   4.168294    5.61115     0.7514     0.1338    35.6046 0.0000e+00
      4.000    13.0859   4.168349    5.61760     0.7480     0.1323    35.6046 0.0000e+00
      5.000    13.0861   4.168419    5.63363     0.7646     0.1295    35.6047 0.0000e+00
      6.000    13.0864   4.168455    5.63308     0.7553     0.1310    35.6043 0.0000e+00
      7.000    13.0871   4.168577    5.61526     0.7649     0.1341    35.6044 0.0000e+00
      8.000    13.0878   4.168695    5.60659     0.7745     0.1320    35.6044 0.0000e+00
      9.000    13.0888   4.168870    5.61576     0.7760     0.1318    35.6047 0.0000e+00
     10.000    13.0878   4.168818    5.61721     0.7474     0.1312    35.6048 0.0000e+00
     11.000    13.0884   4.168964    5.61393     0.7524     0.1302    35.6051 0.0000e+00
     12.000    13.0880   4.168915    5.61381     0.7218     0.1326    35.6046 0.0000e+00
     13.000    13.0868   4.168865    5.61461     0.7336     0.1315    35.6049 0.0000e+00
     14.000    13.0859   4.168793    5.62074     0.7381     0.1310    35.6046 0.0000e+00
     15.000    13.0861   4.168860    5.62021     0.7596     0.1308    35.6046 0.0000e+00
     16.000    13.0890   4.169231    5.62242     0.7424     0.1318    35.6050 0.0000e+00
     17.000    13.0901   4.169369    5.61740     0.7342     0.1295    35.6048 0.0000e+00
     18.000    13.0882   4.169212    5.62035     0.7732     0.1328    35.6047 0.0000e+00
     19.000    13.0873   4.169154    5.61972     0.7623     0.1305    35.6045 0.0000e+00
     20.000    13.0871   4.169183    5.61248     0.8002     0.1289    35.6046 0.0000e+00
     21.000    13.0880   4.169326    5.61414     0.7809     0.1307    35.6046 0.0000e+00
     22.000    13.0874   4.169299    5.61893     0.7726     0.1315    35.6046 0.0000e+00
     23.000    13.0876   4.169395    5.63347     0.7697     0.1313    35.6048 0.0000e+00
     24.000    13.0892   4.169578    5.63415     0.7587     0.1311    35.6047 0.0000e+00
     25.000    13.0885   4.169538    5.62586     0.7485     0.1313    35.6045 0.0000e+00
     26.000    13.0904   4.169822    5.61512     0.8921     0.1297    35.6049 0.0000e+00
     27.000    13.0916   4.170001    5.62416     0.8102     0.1301    35.6051 0.0000e+00
     28.000    13.0921   4.170073    5.62926     0.7791     0.1308    35.6049 0.0000e+00
     29.000    13.0914   4.170083    5.61358     0.7361     0.1319    35.6052 0.0000e+00
     30.000    13.0919   4.170193    5.61419     0.7252     0.1301    35.6054 0.0000e+00
     31.000    13.0916   4.170206    5.62291     0.7350     0.1324    35.6053 0.0000e+00
     32.000    13.0912   4.170217    5.62794     0.7297     0.1317    35.6054 0.0000e+00
     33.000    13.0907   4.170222    5.62517     0.7229     0.1315    35.6054 0.0000e+00
     34.000    13.0906   4.170246    5.62128     0.7620     0.1327    35.6053 0.0000e+00
     35.000    13.0908   4.170301    5.61980     0.7418     0.1314    35.6053 0.0000e+00
     36.000    13.0911   4.170361    5.60429     0.7202     0.1311    35.6051 0.0000e+00
     37.000    13.0904   4.170365    5.60418     0.7869     0.1303    35.6054 0.0000e+00
     38.000    13.0899   4.170370    5.61304     0.8401     0.1315    35.6055 0.0000e+00
     39.000    13.0907   4.170483    5.61674     0.8017     0.1303    35.6054 0.0000e+00
     40.000    13.0905   4.170492    5.62169     0.7555     0.1301    35.6052 0.0000e+00
     41.000    13.0877   4.170279    5.62780     0.7514     0.1302    35.6053 0.0000e+00
     42.000    13.0852   4.170126    5.63530     0.7480     0.1298    35.6057 0.0000e+00
     43.000    13.0855   4.170185    5.63748     0.7265     0.1307    35.6056 0.0000e+00
     44.000    13.0848   4.170097    5.63196     0.7200     0.1315    35.6050 0.0000e+00
     45.000    13.0853   4.170232    5.59275     0.7162     0.1304    35.6054 0.0000e+00
     46.000    13.0856   4.170307    5.58807     0.7153     0.1314    35.6054 0.0000e+00
     47.000    13.0847   4.170280    5.59571     0.7417     0.1308    35.6056 0.0000e+00
     48.000    13.0866   4.170487    5.60138     0.7192     0.1296    35.6053 0.0000e+00
     49.000    13.0861   4.170477    5.60866     0.7104     0.1303    35.6053 0.0000e+00
     50.000    13.0860   4.170536    5.62196     0.6964     0.1300    35.6056 0.0000e+00
     51.000    13.0858   4.170548    5.63485     0.7129     0.1320    35.6054 0.0000e+00
     52.000    13.0862   4.170625    5.63295     0.7102     0.1321    35.6053 0.0000e+00
     53.000    13.0847   4.170546    5.62889     0.6937     0.1299    35.6055 0.0000e+00
     54.000    13.0837   4.170452    5.61593     0.6885     0.1297    35.6051 0.0000e+00
     55.000    13.0836   4.170475    5.60195     0.6988     0.1287    35.6051 0.0000e+00
     56.000    13.0832   4.170485    5.59155     0.7059     0.1284    35.6051 0.0000e+00
     57.000    13.0835   4.170598    5.60150     0.6962     0.1296    35.6054 0.0000e+00
     58.000    13.0813   4.170404    5.60332     0.6494     0.1289    35.6052 0.0000e+00
     59.000    13.0799   4.170347    5.60862     0.6502     0.1311    35.6056 0.0000e+00
     60.000    13.0799   4.170379    5.60697     0.6150     0.1296    35.6054 0.0000e+00
     61.000    13.0803   4.170451    5.60144     0.5825     0.1276    35.6053 0.0000e+00
     62.000    13.0802   4.170526    5.60493     0.5794     0.1296    35.6057 0.0000e+00
     63.000    13.0804   4.170572    5.60897     0.5743     0.1284    35.6054 0.0000e+00
     64.000    13.0806   4.170615    5.60566     0.5794     0.1287    35.6053 0.0000e+00
     65.000    13.0808   4.170664    5.58684     0.6326     0.1289    35.6051 0.0000e+00
     66.000    13.0808   4.170710    5.57829     0.6052     0.1288    35.6052 0.0000e+00
     67.000    13.0811   4.170792    5.58751     0.5885     0.1308    35.6053 0.0000e+00
     68.000    13.0811   4.170842    5.58825     0.5891     0.1301    35.6053 0.0000e+00
     69.000    13.0813   4.170894    5.58357     0.6330     0.1300    35.6052 0.0000e+00
     70.000    13.0814   4.170984    5.58285     0.6640     0.1313    35.6055 0.0000e+00
     71.000    13.0816   4.171022    5.58529     0.5959     0.1302    35.6052 0.0000e+00
     72.000    13.0818   4.171129    5.59302     0.5731     0.1291    35.6056 0.0000e+00
     73.000    13.0818   4.171162    5.60078     0.5844     0.1279    35.6055 0.0000e+00
     74.000    13.0818   4.171187    5.60673     0.5740     0.1295    35.6053 0.0000e+00
     75.000    13.0819   4.171251    5.60157     0.6199     0.1300    35.6053 0.0000e+00
     76.000    13.0819   4.171303    5.59532     0.6248     0.1279    35.6054 0.0000e+00
     77.000    13.0821   4.171368    5.58002     0.6175     0.1294    35.6054 0.0000e+00
     78.000    13.0823   4.171433    5.57370     0.6121     0.1299    35.6054 0.0000e+00
     79.000    13.0823   4.171485    5.57928     0.6203     0.1316    35.6054 0.0000e+00
     80.000    13.0824   4.171557    5.58784     0.6262     0.1312    35.6057 0.0000e+00
     81.000    13.0825   4.171607    5.59044     0.5930     0.1282    35.6056 0.0000e+00
     82.000    13.0825   4.171688    5.59038     0.6153     0.1307    35.6060 0.0000e+00
     83.000    13.0823   4.171688    5.59133     0.6240     0.1315    35.6057 0.0000e+00
     84.000    13.0825   4.171757    5.58544     0.5695     0.1310    35.6057 0.0000e+00
     85.000    13.0827   4.171830    5.59117     0.6007     0.1276    35.6058 0.0000e+00
     86.000    13.0829   4.171854    5.59729     0.6105     0.1301    35.6055 0.0000e+00
     87.000    13.0830   4.171920    5.57887     0.6346     0.1272    35.6055 0.0000e+00
     88.000    13.0831   4.171968    5.58419     0.6355     0.1281    35.6055 0.0000e+00
     89.000    13.0832   4.172023    5.58103     0.6291     0.1301    35.6055 0.0000e+00
     90.000    13.0834   4.172088    5.58148     0.6242     0.1296    35.6055 0.0000e+00
     91.000    13.0835   4.172157    5.58927     0.6635     0.1273    35.6056 0.0000e+00
     92.000    13.0837   4.172214    5.59084     0.6683     0.1297    35.6055 0.0000e+00
     93.000    13.0839   4.172288    5.59408     0.6391     0.1298    35.6057 0.0000e+00
     94.000    13.0840   4.172364    5.59729     0.6325     0.1298    35.6058 0.0000e+00
     95.000    13.0840   4.172390    5.59761     0.6272     0.1291    35.6056 0.0000e+00
     96.000    13.0842   4.172459    5.58644     0.6463     0.1289    35.6057 0.0000e+00
     97.000    13.0841   4.172481    5.58670     0.6120     0.1292    35.6055 0.0000e+00
     98.000    13.0842   4.172534    5.58936     0.6059     0.1299    35.6055 0.0000e+00
     99.000    13.0844   4.172621    5.58813     0.6307     0.1294    35.6057 0.0000e+00
    100.000    13.0845   4.172670    5.58243     0.6268     0.1302    35.6056 0.0000e+00
    101.000    13.0848   4.172729    5.58076     0.6253     0.1317    35.6055 0.0000e+00
    102.000    13.0849   4.172821    5.58336     0.6347     0.1319    35.6059 0.0000e+00
    103.000    13.0850   4.172848    5.58444     0.6283     0.1309    35.6056 0.0000e+00
    104.000    13.0850   4.172882    5.58723     0.6098     0.1300    35.6055 0.0000e+00
    105.000    13.0853   4.172960    5.57810     0.6279     0.1304    35.6056 0.0000e+00
    106.000    13.0854   4.173004    5.57262     0.6429     0.1287    35.6054 0.0000e+00
    107.000    13.0854   4.173074    5.57293     0.6456     0.1295    35.6056 0.0000e+00
    108.000    13.0856   4.173148    5.56431     0.6660     0.1290    35.6057 0.0000e+00
    109.000    13.0856   4.173218    5.57145     0.6568     0.1295    35.6059 0.0000e+00
    110.000    13.0860   4.173270    5.57863     0.6248     0.1284    35.6057 0.0000e+00
    111.000    13.0861   4.173330    5.58836     0.6105     0.1306    35.6057 0.0000e+00
    112.000    13.0862   4.173410    5.59494     0.6047     0.1287    35.6059 0.0000e+00
    113.000    13.0864   4.173469    5.59005     0.5968     0.1271    35.6059 0.0000e+00
    114.000    13.0866   4.173529    5.58509     0.5977     0.1297    35.6059 0.0000e+00
    115.000    13.0867   4.173605    5.58118     0.6007     0.1294    35.6060 0.0000e+00
    116.000    13.0868   4.173669    5.58164     0.6021     0.1297    35.6061 0.0000e+00
    117.000    13.0870   4.173698    5.57712     0.6129     0.1288    35.6058 0.0000e+00
    118.000    13.0871   4.173832    5.57054     0.6450     0.1281    35.6065 0.0000e+00
    119.000    13.0873   4.173841    5.57604     0.6232     0.1271    35.6060 0.0000e+00
    120.000    13.0875   4.173942    5.58081     0.5973     0.1288    35.6064 0.0000e+00
    121.000    13.0875   4.173974    5.58703     0.5854     0.1302    35.6063 0.0000e+00
    122.000    13.0876   4.174025    5.59437     0.5837     0.1295    35.6062 0.0000e+00
    123.000    13.0878   4.174096    5.60794     0.5861     0.1298    35.6063 0.0000e+00
    124.000    13.0878   4.174137    5.61444     0.5849     0.1288    35.6062 0.0000e+00
    125.000    13.0879   4.174154    5.60426     0.5964     0.1290    35.6058 0.0000e+00
    126.000    13.0879   4.174202    5.58064     0.6038     0.1296    35.6059 0.0000e+00
    127.000    13.0878   4.174235    5.55760     0.6299     0.1289    35.6059 0.0000e+00
    128.000    13.0878   4.174311    5.57903     0.6256     0.1284    35.6061 0.0000e+00
    129.000    13.0881   4.174358    5.57741     0.6331     0.1274    35.6059 0.0000e+00
    130.000    13.0880   4.174416    5.57558     0.6212     0.1286    35.6061 0.0000e+00
    131.000    13.0875   4.174392    5.57619     0.5995     0.1309    35.6059 0.0000e+00
    132.000    13.0874   4.174444    5.57643     0.5820     0.1308    35.6061 0.0000e+00
    133.000    13.0872   4.174457    5.58813     0.5743     0.1301    35.6060 0.0000e+00
    134.000    13.0872   4.174478    5.58482     0.5742     0.1285    35.6057 0.0000e+00
    135.000    13.0872   4.174525    5.56379     0.5726     0.1265    35.6057 0.0000e+00
    136.000    13.0872   4.174564    5.56714     0.5795     0.1281    35.6056 0.0000e+00
    137.000    13.0873   4.174640    5.57441     0.5837     0.1290    35.6059 0.0000e+00
    138.000    13.0875   4.174724    5.56998     0.5944     0.1284    35.6061 0.0000e+00
    139.000    13.0878   4.174795    5.56931     0.5837     0.1285    35.6061 0.0000e+00
    140.000    13.0880   4.174889    5.57602     0.5865     0.1271    35.6064 0.0000e+00
    141.000    13.0880   4.174889    5.59197     0.5804     0.1271    35.6059 0.0000e+00
    142.000    13.0877   4.174957    5.59119     0.5233     0.1275    35.6064 0.0000e+00
    143.000    13.0884   4.175017    5.57912     0.5474     0.1289    35.6059 0.0000e+00
    144.000    13.0885   4.175103    5.56960     0.5490     0.1284    35.6061 0.0000e+00
    145.000    13.0885   4.175153    5.57639     0.5621     0.1296    35.6062 0.0000e+00
    146.000    13.0886   4.175215    5.57086     0.5538     0.1301    35.6063 0.0000e+00
    147.000    13.0887   4.175256    5.57361     0.5410     0.1318    35.6061 0.0000e+00
    148.000    13.0889   4.175296    5.58571     0.5968     0.1279    35.6059 0.0000e+00
    149.000    13.0889   4.175324    5.56051     0.5633     0.1300    35.6057 0.0000e+00
    150.000    13.0891   4.175416    5.55139     0.5846     0.1284    35.6060 0.0000e+00
    151.000    13.0898   4.175548    5.55569     0.5571     0.1272    35.6062 0.0000e+00
    152.000    13.0903   4.175663    5.56408     0.5420     0.1266    35.6064 0.0000e+00
    153.000    13.0905   4.175713    5.56959     0.5353     0.1294    35.6062 0.0000e+00
    154.000    13.0895   4.175664    5.58199     0.5445     0.1303    35.6063 0.0000e+00
    155.000    13.0896   4.175708    5.58388     0.5484     0.1302    35.6062 0.0000e+00
    156.000    13.0895   4.175726    5.57649     0.5611     0.1295    35.6060 0.0000e+00
    157.000    13.0891   4.175755    5.55438     0.5754     0.1277    35.6062 0.0000e+00
    158.000    13.0890   4.175755    5.56898     0.5852     0.1274    35.6059 0.0000e+00
    159.000    13.0888   4.175812    5.55813     0.5974     0.1293    35.6061 0.0000e+00
    160.000    13.0886   4.175832    5.55072     0.6031     0.1290    35.6062 0.0000e+00
    161.000    13.0887   4.175893    5.54677     0.5684     0.1287    35.6062 0.0000e+00
    162.000    13.0887   4.175946    5.56142     0.5605     0.1282    35.6063 0.0000e+00
    163.000    13.0886   4.175947    5.57813     0.4992     0.1282    35.6060 0.0000e+00
    164.000    13.0884   4.175978    5.58849     0.5191     0.1270    35.6060 0.0000e+00
    165.000    13.0883   4.176005    5.58442     0.5291     0.1273    35.6059 0.0000e+00
    166.000    13.0884   4.176066    5.57284     0.5360     0.1268    35.6059 0.0000e+00
    167.000    13.0882   4.176100    5.55655     0.5837     0.1273    35.6060 0.0000e+00
    168.000    13.0882   4.176137    5.55836     0.5702     0.1265    35.6060 0.0000e+00
    169.000    13.0875   4.176091    5.56076     0.5509     0.1278    35.6058 0.0000e+00
    170.000    13.0860   4.175988    5.56946     0.5786     0.1282    35.6058 0.0000e+00
    171.000    13.0848   4.175916    5.56582     0.5589     0.1280    35.6058 0.0000e+00
    172.000    13.0836   4.175835    5.56156     0.5479     0.1269    35.6057 0.0000e+00
    173.000    13.0806   4.175528    5.56890     0.5408     0.1263    35.6052 0.0000e+00
    174.000    13.0611   4.173579    5.57236     0.5199     0.1279    35.6044 0.0000e+00
    175.000    13.0536   4.173046    5.57055     0.4968     0.1281    35.6060 0.0000e+00
    176.000    13.0424   4.172021    5.57139     0.4552     0.1279    35.6063 0.0000e+00
    177.000    13.0317   4.171033    5.57006     0.4387     0.1271    35.6065 0.0000e+00
    178.000    13.0277   4.170672    5.54390     0.3755     0.1268    35.6064 0.0000e+00
    179.000    13.0237   4.170296    5.52333     0.3769     0.1329    35.6061 0.0000e+00
