tests/test3_bad_locations/c006.cnv
* Sea-Bird SBE25 Data File:
* FileName = C:\Users\seco1\Desktop\CAREVA0316\006.hex
* Software Version 1.59
* Temperature SN = 5117
* Conductivity SN = 3687
* System UpLoad Time = Mar 09 2016 00:03:44
** Ship: Vizconde de Eza
** Cruise: Careva0316
** Station:41
** Cast:006
** Latitude:43 27.821 N
** Longitude:02 50.11 W
** Date:08/03/2016
** Time GMT:23:35
** Depth:1160
# nquan = 8
# nvalues = 397                         
# units = specified
# name 0 = prSM: Pressure, Strain Gauge [db]
# name 1 = t090C: Temperature [ITS-90, deg C]
# name 2 = c0S/m: Conductivity [S/m]
# name 3 = sbeox0ML/L: Oxygen, SBE 43 [ml/l]
# name 4 = flECO-AFL: Fluorescence, WET Labs ECO-AFL/FL [mg/m^3]
# name 5 = turbWETntu0: Turbidity, WET Labs ECO [NTU]
# name 6 = sal00: Salinity, Practical [PSU]
# name 7 = flag: flag
# span 0 =      1.000,    199.000       
# span 1 =    12.9268,    13.0929       
# span 2 =   4.161702,   4.176137       
# span 3 =    5.31608,    5.80102       
# span 4 =     0.1671,     0.8921       
# span 5 =     0.1211,     0.1413       
# span 6 =    35.5798,    35.6199       
# span 7 = 0.0000e+00, 0.0000e+00       
# interval = decibars: 1                
# start_time = Mar 10 2016 00:34:23 [Instrument's time stamp, header]
# bad_flag = -9.990e-29
*END*
[from data line 360]
     37.000    13.0924   4.170536    5.59107     0.7967     0.1317    35.6051 0.0000e+00
     36.000    13.0926   4.170533    5.59121     0.7791     0.1335    35.6053 0.0000e+00
     35.000    13.0929   4.170476    5.58954     0.8580     0.1292    35.6049 0.0000e+00
     34.000    13.0906   4.170218    5.59372     0.7360     0.1285    35.6051 0.0000e+00
     33.000    13.0874   4.169865    5.59924     0.7768     0.1284    35.6051 0.0000e+00
     32.000    13.0863   4.169702    5.59990     0.7892     0.1286    35.6050 0.0000e+00
     31.000    13.0859   4.169618    5.59697     0.7229     0.1290    35.6051 0.0000e+00
     30.000    13.0862   4.169634    5.61492     0.7664     0.1312    35.6054 0.0000e+00
     29.000    13.0879   4.169683    5.60332     0.7952     0.1312    35.6047 0.0000e+00
     28.000    13.0887   4.169707    5.59763     0.7662     0.1310    35.6046 0.0000e+00
     27.000    13.0889   4.169698    5.59506     0.7504     0.1304    35.6048 0.0000e+00
     26.000    13.0886   4.169641    5.59026     0.7840     0.1312    35.6049 0.0000e+00
     25.000    13.0884   4.169582    5.59515     0.7624     0.1295    35.6050 0.0000e+00
     24.000    13.0887   4.169560    5.59790     0.7830     0.1287    35.6049 0.0000e+00
     23.000    13.0880   4.169478    5.60001     0.7512     0.1284    35.6052 0.0000e+00
     22.000    13.0886   4.169475    5.60576     0.7705     0.1292    35.6051 0.0000e+00
     21.000    13.0894   4.169510    5.59883     0.7984     0.1303    35.6051 0.0000e+00
     20.000    13.0896   4.169488    5.58924     0.7714     0.1292    35.6052 0.0000e+00
     19.000    13.0891   4.169360    5.58775     0.7686     0.1294    35.6048 0.0000e+00
     18.000    13.0883   4.169221    5.59729     0.7835     0.1299    35.6047 0.0000e+00
     17.000    13.0886   4.169176    5.59346     0.7240     0.1285    35.6044 0.0000e+00
     16.000    13.0889   4.169154    5.58674     0.7367     0.1297    35.6044 0.0000e+00
     15.000    13.0881   4.169042    5.60199     0.7457     0.1305    35.6045 0.0000e+00
     14.000    13.0876   4.168938    5.60809     0.7789     0.1291    35.6044 0.0000e+00
     13.000    13.0871   4.168839    5.60755     0.7845     0.1300    35.6043 0.0000e+00
     12.000    13.0872   4.168788    5.60637     0.7541     0.1293    35.6042 0.0000e+00
     11.000    13.0876   4.168826    5.61196     0.7559     0.1283    35.6046 0.0000e+00
     10.000    13.0885   4.168862    5.61525     0.7684     0.1294    35.6045 0.0000e+00
      9.000    13.0885   4.168842    5.60204     0.7629     0.1307    35.6047 0.0000e+00
      8.000    13.0871   4.168637    5.59930     0.8072     0.1316    35.6046 0.0000e+00
      7.000    13.0858   4.168479    5.59935     0.7751     0.1298    35.6048 0.0000e+00
      6.000    13.0855   4.168397    5.60515     0.7903     0.1287    35.6047 0.0000e+00
      5.000    13.0851   4.168306    5.60514     0.8243     0.1298    35.6046 0.0000e+00
      4.000    13.0850   4.168256    5.60643     0.7880     0.1288    35.6047 0.0000e+00
      3.000    13.0850   4.168206    5.60798     0.7618     0.1285    35.6046 0.0000e+00
      2.000    13.0846   4.168134    5.61512     0.7710     0.1309    35.6047 0.0000e+00
      1.000    13.0843   4.168069    5.61086     0.7974     0.1298    35.6048 0.0000e+00
