tests/test3_bad_locations/c006.cnv
* Sea-Bird SBE25 Data File:
* FileName = C:\Users\seco1\Desktop\CAREVA0316\006.hex
* Software Version 1.59
* Temperature SN = 5117
* Conductivity SN = 3687
* System UpLoad Time = Mar 09 2016 00:03:44
** Ship: Vizconde de Eza
** Cruise: Careva0316
** Station:41
** Cast:006
** Latitude:43 27.821 N
** Longitude:02 50.11 W
** Date:08/03/2016
** Time GMT:23:35
** Depth:1160
# nquan = 8
# nvalues = 397                         
# units = specified
# name 0 = prSM: Pressure, Strain Gauge [db]
# name 1 = t090C: Temperature [ITS-90, deg C]
# name 2 = c0S/m: Conductivity [S/m]
# name 3 = sbeox0ML/L: Oxygen, SBE 43 [ml/l]
# name 4 = flECO-AFL: Fluorescence, WET Labs ECO-AFL/FL [mg/m^3]
# name 5 = turbWETntu0: Turbidity, WET Labs ECO [NTU]
# name 6 = sal00: Salinity, Practical [PSU]
# name 7 = flag: flag
# span 0 =      1.000,    199.000       
# span 1 =    12.9268,    13.0929       
# span 2 =   4.161702,   4.176137       
# span 3 =    5.31608,    5.80102       
# span 4 =     0.1671,     0.8921       
# span 5 =     0.1211,     0.1413       
# span 6 =    35.5798,    35.6199       
# span 7 = 0.0000e+00, 0.0000e+00       
# interval = decibars: 1                
# start_time = Mar 10 2016 00:34:23 [Instrument's time stamp, header]
# bad_flag = -9.990e-29
*END*
[from data line 180]
    181.000    12.9771   4.165934    5.51696     0.3051     0.1262    35.6073 0.0000e+00
    182.000    12.9722   4.165452    5.49850     0.2461     0.1254    35.6069 0.0000e+00
    183.000    12.9649   4.164817    5.48041     0.2229     0.1237    35.6073 0.0000e+00
    184.000    12.9604   4.164383    5.47759     0.2248     0.1241    35.6070 0.0000e+00
    185.000    12.9572   4.164158    5.47723     0.2154     0.1248    35.6073 0.0000e+00
    186.000    12.9519   4.163758    5.47624     0.2071     0.1259    35.6082 0.0000e+00
    187.000    12.9440   4.162887    5.47547     0.1998     0.1245    35.6068 0.0000e+00
    188.000    12.9342   4.162102    5.46497     0.1930     0.1218    35.6081 0.0000e+00
    189.000    12.9329   4.161994    5.44262     0.1944     0.1247    35.6078 0.0000e+00
    190.000    12.9332   4.162093    5.40683     0.1998     0.1228    35.6080 0.0000e+00
    191.000    12.9312   4.161918    5.41328     0.2020     0.1240    35.6078 0.0000e+00
    192.000    12.9294   4.161824    5.41213     0.2232     0.1231    35.6082 0.0000e+00
    193.000    12.9295   4.161861    5.40528     0.2009     0.1242    35.6080 0.0000e+00
    194.000    12.9293   4.161905    5.40688     0.1690     0.1255    35.6082 0.0000e+00
    195.000    12.9276   4.161751    5.41372     0.1821     0.1242    35.6079 0.0000e+00
    196.000    12.9271   4.161716    5.41414     0.1884     0.1228    35.6076 0.0000e+00
    197.000    12.9268   4.161730    5.41500     0.1951     0.1236    35.6076 0.0000e+00
    198.000    12.9271   4.161782    5.39518     0.1910     0.1244    35.6073 0.0000e+00
    199.000    12.9279   4.161866    5.35386     0.1900     0.1211    35.6070 0.0000e+00
    198.000    12.9277   4.161844    5.40103     0.1959     0.1250    35.6074 0.0000e+00
    197.000    12.9285   4.161895    5.40032     0.1671     0.1255    35.6076 0.0000e+00
    196.000    12.9285   4.161838    5.38679     0.1880     0.1243    35.6074 0.0000e+00
    195.000    12.9280   4.161750    5.38226     0.1939     0.1245    35.6075 0.0000e+00
    194.000    12.9278   4.161702    5.38578     0.1902     0.1239    35.6076 0.0000e+00
    193.000    12.9282   4.161718    5.38651     0.1781     0.1284    35.6078 0.0000e+00
    192.000    12.9290   4.161762    5.36789     0.2085     0.1251    35.6079 0.0000e+00
    191.000    12.9306   4.161844    5.37857     0.2145     0.1253    35.6077 0.0000e+00
    190.000    12.9307   4.161853    5.38965     0.2237     0.1251    35.6080 0.0000e+00
    189.000    12.9320   4.161909    5.39477     0.2128     0.1238    35.6078 0.0000e+00
    188.000    12.9347   4.162132    5.38614     0.1928     0.1251    35.6078 0.0000e+00
    187.000    12.9358   4.162218    5.39349     0.2022     0.1244    35.6081 0.0000e+00
    186.000    12.9379   4.162406    5.39304     0.1798     0.1252    35.6083 0.0000e+00
    185.000    12.9447   4.162980    5.39011     0.1824     0.1255    35.6078 0.0000e+00
    184.000    12.9501   4.163446    5.38627     0.1991     0.1241    35.6077 0.0000e+00
    183.000    12.9561   4.163934    5.38550     0.2039     0.1245    35.6071 0.0000e+00
    182.000    12.9604   4.164314    5.38795     0.2189     0.1258    35.6071 0.0000e+00
    181.000    12.9644   4.164644    5.38176     0.2358     0.1265    35.6069 0.0000e+00
    180.000    12.9707   4.165226    5.38411     0.2372     0.1260    35.6071 0.0000e+00
    179.000    12.9865   4.166710    5.40543     0.2800     0.1242    35.6068 0.0000e+00
    178.000    13.0136   4.169252    5.40686     0.3130     0.1254    35.6061 0.0000e+00
    177.000    13.0232   4.170194    5.41133     0.3330     0.1265    35.6065 0.0000e+00
    176.000    13.0333   4.171100    5.41453     0.3588     0.1272    35.6061 0.0000e+00
    175.000    13.0398   4.171686    5.41391     0.3736     0.1277    35.6060 0.0000e+00
    174.000    13.0504   4.172717    5.42110     0.4004     0.1268    35.6063 0.0000e+00
    173.000    13.0645   4.173988    5.43763     0.4278     0.1268    35.6056 0.0000e+00
    172.000    13.0739   4.174864    5.45326     0.4621     0.1264    35.6056 0.0000e+00
    171.000    13.0806   4.175480    5.46116     0.4722     0.1278    35.6056 0.0000e+00
    170.000    13.0838   4.175741    5.47062     0.4846     0.1278    35.6055 0.0000e+00
    169.000    13.0859   4.175924    5.50806     0.5633     0.1275    35.6057 0.0000e+00
    168.000    13.0865   4.175920    5.53469     0.6009     0.1275    35.6055 0.0000e+00
    167.000    13.0865   4.175871    5.54038     0.5605     0.1303    35.6055 0.0000e+00
    166.000    13.0870   4.175873    5.54112     0.5579     0.1287    35.6055 0.0000e+00
    165.000    13.0873   4.175820    5.54597     0.5610     0.1277    35.6051 0.0000e+00
    164.000    13.0875   4.175856    5.54915     0.5475     0.1282    35.6057 0.0000e+00
    163.000    13.0878   4.175825    5.55689     0.5465     0.1277    35.6055 0.0000e+00
    162.000    13.0879   4.175798    5.55872     0.5395     0.1285    35.6056 0.0000e+00
    161.000    13.0879   4.175749    5.55758     0.5551     0.1282    35.6055 0.0000e+00
    160.000    13.0882   4.175736    5.54925     0.5743     0.1289    35.6056 0.0000e+00
    159.000    13.0881   4.175692    5.55808     0.5927     0.1268    35.6057 0.0000e+00
    158.000    13.0878   4.175606    5.56005     0.5501     0.1274    35.6056 0.0000e+00
    157.000    13.0877   4.175546    5.55362     0.5460     0.1279    35.6055 0.0000e+00
    156.000    13.0880   4.175521    5.55406     0.5328     0.1283    35.6054 0.0000e+00
    155.000    13.0885   4.175531    5.55347     0.5436     0.1282    35.6056 0.0000e+00
    154.000    13.0888   4.175513    5.55281     0.5568     0.1303    35.6056 0.0000e+00
    153.000    13.0901   4.175616    5.55446     0.5855     0.1286    35.6057 0.0000e+00
    152.000    13.0897   4.175523    5.55412     0.5937     0.1282    35.6056 0.0000e+00
    151.000    13.0901   4.175511    5.55310     0.5793     0.1291    35.6056 0.0000e+00
    150.000    13.0900   4.175454    5.56948     0.5865     0.1281    35.6055 0.0000e+00
    149.000    13.0896   4.175363    5.55814     0.6007     0.1272    35.6055 0.0000e+00
    148.000    13.0894   4.175287    5.55998     0.6283     0.1279    35.6053 0.0000e+00
    147.000    13.0891   4.175210    5.56465     0.5536     0.1251    35.6053 0.0000e+00
    146.000    13.0890   4.175150    5.57297     0.5942     0.1272    35.6052 0.0000e+00
    145.000    13.0889   4.175132    5.57153     0.6097     0.1283    35.6056 0.0000e+00
    144.000    13.0888   4.175037    5.56529     0.6062     0.1278    35.6053 0.0000e+00
    143.000    13.0887   4.174995    5.56528     0.5849     0.1272    35.6054 0.0000e+00
    142.000    13.0886   4.174920    5.56841     0.5630     0.1265    35.6051 0.0000e+00
    141.000    13.0884   4.174904    5.56709     0.5479     0.1268    35.6056 0.0000e+00
    140.000    13.0882   4.174831    5.56861     0.5875     0.1310    35.6055 0.0000e+00
    139.000    13.0879   4.174742    5.56692     0.5659     0.1275    35.6054 0.0000e+00
    138.000    13.0877   4.174684    5.56891     0.5675     0.1288    35.6055 0.0000e+00
    137.000    13.0877   4.174612    5.56838     0.5592     0.1299    35.6052 0.0000e+00
    136.000    13.0876   4.174582    5.56623     0.5565     0.1301    35.6056 0.0000e+00
    135.000    13.0874   4.174519    5.55988     0.5901     0.1279    35.6055 0.0000e+00
    134.000    13.0872   4.174465    5.55659     0.5754     0.1277    35.6056 0.0000e+00
    133.000    13.0870   4.174407    5.56700     0.5908     0.1256    35.6056 0.0000e+00
    132.000    13.0871   4.174341    5.56597     0.5849     0.1270    35.6054 0.0000e+00
    131.000    13.0872   4.174266    5.55385     0.5964     0.1271    35.6050 0.0000e+00
    130.000    13.0872   4.174275    5.56510     0.5937     0.1294    35.6055 0.0000e+00
    129.000    13.0871   4.174217    5.57099     0.5564     0.1270    35.6055 0.0000e+00
    128.000    13.0870   4.174158    5.56106     0.5649     0.1286    35.6054 0.0000e+00
    127.000    13.0871   4.174098    5.55690     0.5717     0.1301    35.6052 0.0000e+00
    126.000    13.0869   4.174072    5.55627     0.5794     0.1304    35.6056 0.0000e+00
    125.000    13.0867   4.174004    5.55335     0.5750     0.1310    35.6055 0.0000e+00
    124.000    13.0865   4.173944    5.55090     0.5912     0.1290    35.6056 0.0000e+00
    123.000    13.0867   4.173899    5.56262     0.5807     0.1277    35.6054 0.0000e+00
    122.000    13.0864   4.173811    5.56658     0.5563     0.1293    35.6052 0.0000e+00
    121.000    13.0864   4.173758    5.56376     0.5715     0.1292    35.6053 0.0000e+00
    120.000    13.0863   4.173747    5.56475     0.5818     0.1319    35.6056 0.0000e+00
    119.000    13.0863   4.173687    5.55906     0.5843     0.1298    35.6055 0.0000e+00
    118.000    13.0863   4.173649    5.56037     0.6188     0.1280    35.6056 0.0000e+00
    117.000    13.0869   4.173656    5.56822     0.6944     0.1279    35.6055 0.0000e+00
    116.000    13.0868   4.173609    5.56944     0.6419     0.1268    35.6055 0.0000e+00
    115.000    13.0867   4.173560    5.56443     0.6336     0.1288    35.6056 0.0000e+00
    114.000    13.0867   4.173475    5.56690     0.6185     0.1290    35.6052 0.0000e+00
    113.000    13.0865   4.173440    5.56779     0.6066     0.1277    35.6055 0.0000e+00
    112.000    13.0866   4.173394    5.56612     0.6064     0.1277    35.6054 0.0000e+00
    111.000    13.0865   4.173343    5.56607     0.6128     0.1280    35.6055 0.0000e+00
    110.000    13.0863   4.173276    5.56013     0.6326     0.1266    35.6055 0.0000e+00
    109.000    13.0860   4.173219    5.57606     0.6252     0.1285    35.6056 0.0000e+00
    108.000    13.0860   4.173146    5.57121     0.6748     0.1297    35.6053 0.0000e+00
    107.000    13.0861   4.173153    5.56444     0.6083     0.1285    35.6058 0.0000e+00
    106.000    13.0861   4.173087    5.56112     0.5867     0.1278    35.6056 0.0000e+00
    105.000    13.0862   4.173025    5.55689     0.6053     0.1276    35.6053 0.0000e+00
    104.000    13.0861   4.173021    5.56675     0.6363     0.1279    35.6058 0.0000e+00
    103.000    13.0858   4.172932    5.57682     0.6237     0.1284    35.6056 0.0000e+00
    102.000    13.0857   4.172884    5.59345     0.6207     0.1293    35.6057 0.0000e+00
    101.000    13.0854   4.172808    5.59222     0.6279     0.1291    35.6057 0.0000e+00
    100.000    13.0852   4.172737    5.56773     0.6470     0.1286    35.6056 0.0000e+00
     99.000    13.0851   4.172705    5.56916     0.6832     0.1289    35.6059 0.0000e+00
     98.000    13.0850   4.172612    5.56578     0.6611     0.1280    35.6055 0.0000e+00
     97.000    13.0849   4.172550    5.55673     0.6448     0.1284    35.6055 0.0000e+00
     96.000    13.0847   4.172492    5.56002     0.6452     0.1296    35.6055 0.0000e+00
     95.000    13.0845   4.172418    5.56754     0.6188     0.1296    35.6054 0.0000e+00
     94.000    13.0842   4.172317    5.56947     0.6319     0.1291    35.6052 0.0000e+00
     93.000    13.0843   4.172310    5.56549     0.6161     0.1280    35.6055 0.0000e+00
     92.000    13.0841   4.172258    5.56993     0.6058     0.1283    35.6056 0.0000e+00
     91.000    13.0840   4.172186    5.56675     0.6300     0.1280    35.6054 0.0000e+00
     90.000    13.0837   4.172103    5.57656     0.6539     0.1300    35.6054 0.0000e+00
     89.000    13.0836   4.172063    5.57712     0.6701     0.1293    35.6055 0.0000e+00
     88.000    13.0836   4.171977    5.57823     0.6211     0.1269    35.6051 0.0000e+00
     87.000    13.0833   4.171922    5.57225     0.6238     0.1250    35.6053 0.0000e+00
     86.000    13.0833   4.171881    5.56553     0.6432     0.1248    35.6053 0.0000e+00
     85.000    13.0831   4.171801    5.56877     0.6529     0.1259    35.6051 0.0000e+00
     84.000    13.0829   4.171756    5.58128     0.6507     0.1273    35.6054 0.0000e+00
     83.000    13.0827   4.171682    5.57626     0.6356     0.1289    35.6053 0.0000e+00
     82.000    13.0825   4.171613    5.56409     0.6434     0.1298    35.6052 0.0000e+00
     81.000    13.0825   4.171555    5.56945     0.6469     0.1279    35.6051 0.0000e+00
     80.000    13.0823   4.171484    5.57283     0.6092     0.1291    35.6051 0.0000e+00
     79.000    13.0820   4.171435    5.58057     0.6172     0.1281    35.6053 0.0000e+00
     78.000    13.0819   4.171384    5.56440     0.6437     0.1273    35.6053 0.0000e+00
     77.000    13.0819   4.171306    5.57391     0.6303     0.1304    35.6050 0.0000e+00
     76.000    13.0818   4.171248    5.57682     0.5902     0.1262    35.6050 0.0000e+00
     75.000    13.0817   4.171206    5.57459     0.5920     0.1265    35.6051 0.0000e+00
     74.000    13.0815   4.171132    5.56427     0.6339     0.1291    35.6050 0.0000e+00
     73.000    13.0814   4.171070    5.57195     0.6420     0.1275    35.6050 0.0000e+00
     72.000    13.0811   4.171016    5.56598     0.6660     0.1281    35.6052 0.0000e+00
     71.000    13.0810   4.170949    5.55470     0.6467     0.1270    35.6050 0.0000e+00
     70.000    13.0810   4.170909    5.56576     0.6221     0.1271    35.6051 0.0000e+00
     69.000    13.0808   4.170831    5.56974     0.6206     0.1265    35.6050 0.0000e+00
     68.000    13.0808   4.170788    5.56792     0.5867     0.1304    35.6050 0.0000e+00
     67.000    13.0807   4.170719    5.57048     0.5802     0.1300    35.6048 0.0000e+00
     66.000    13.0806   4.170679    5.56936     0.5962     0.1272    35.6050 0.0000e+00
     65.000    13.0804   4.170596    5.56900     0.6064     0.1261    35.6049 0.0000e+00
     64.000    13.0803   4.170582    5.56975     0.6209     0.1284    35.6052 0.0000e+00
     63.000    13.0801   4.170511    5.58017     0.6022     0.1274    35.6052 0.0000e+00
     62.000    13.0800   4.170432    5.57556     0.6137     0.1264    35.6050 0.0000e+00
     61.000    13.0799   4.170380    5.57278     0.6470     0.1294    35.6050 0.0000e+00
     60.000    13.0799   4.170343    5.57838     0.6797     0.1296    35.6051 0.0000e+00
     59.000    13.0800   4.170313    5.57994     0.6575     0.1286    35.6051 0.0000e+00
     58.000    13.0803   4.170272    5.56916     0.6624     0.1294    35.6049 0.0000e+00
     57.000    13.0802   4.170257    5.56527     0.6649     0.1293    35.6053 0.0000e+00
     56.000    13.0801   4.170209    5.57439     0.6692     0.1271    35.6053 0.0000e+00
     55.000    13.0809   4.170238    5.58329     0.6585     0.1282    35.6053 0.0000e+00
     54.000    13.0815   4.170272    5.58347     0.6948     0.1272    35.6055 0.0000e+00
     53.000    13.0826   4.170266    5.57767     0.7059     0.1270    35.6049 0.0000e+00
     52.000    13.0831   4.170355    5.57359     0.7176     0.1287    35.6057 0.0000e+00
     51.000    13.0852   4.170494    5.57053     0.7382     0.1303    35.6054 0.0000e+00
     50.000    13.0854   4.170491    5.57779     0.7566     0.1308    35.6056 0.0000e+00
     49.000    13.0891   4.170779    5.58002     0.7822     0.1301    35.6054 0.0000e+00
     48.000    13.0910   4.170914    5.59363     0.7701     0.1352    35.6053 0.0000e+00
     47.000    13.0927   4.171017    5.59150     0.7772     0.1282    35.6051 0.0000e+00
     46.000    13.0926   4.170991    5.59136     0.7719     0.1288    35.6054 0.0000e+00
     45.000    13.0928   4.170947    5.58287     0.7725     0.1296    35.6052 0.0000e+00
     44.000    13.0928   4.170891    5.58554     0.7798     0.1281    35.6051 0.0000e+00
     43.000    13.0916   4.170743    5.59071     0.7738     0.1293    35.6053 0.0000e+00
     42.000    13.0914   4.170657    5.59558     0.7859     0.1306    35.6051 0.0000e+00
     41.000    13.0914   4.170609    5.60413     0.8137     0.1283    35.6050 0.0000e+00
     40.000    13.0906   4.170516    5.60308     0.7876     0.1298    35.6053 0.0000e+00
     39.000    13.0917   4.170541    5.59967     0.8044     0.1283    35.6050 0.0000e+00
