tests/test3_bad_locations/c007b.cnv
* Sea-Bird SBE25 Data File:
* FileName = C:\Users\seco1\Desktop\CAREVA0316\c007b.hex
* Software Version 1.59
* Temperature SN = 5117
* Conductivity SN = 3687
* System UpLoad Time = Mar 09 2016 02:47:10
** Ship: Vizconde de Eza
** Cruise: Careva0316
** Station:37
** Cast:007
** Latitude:43 26.116 N
** Longitude:02 30.249 W
** Date:08/03/2016
** Time GMT:02:16
** Depth:90
# nquan = 8
# nvalues = 115                         
# units = specified
# name 0 = prSM: Pressure, Strain Gauge [db]
# name 1 = t090C: Temperature [ITS-90, deg C]
# name 2 = c0S/m: Conductivity [S/m]
# name 3 = sbeox0ML/L: Oxygen, SBE 43 [ml/l]
# name 4 = flECO-AFL: Fluorescence, WET Labs ECO-AFL/FL [mg/m^3]
# name 5 = turbWETntu0: Turbidity, WET Labs ECO [NTU]
# name 6 = sal00: Salinity, Practical [PSU]
# name 7 = flag: flag
# span 0 =      1.000,     58.000       
# span 1 =    12.3854,    12.9325       
# span 2 =   3.982962,   4.123097       
# span 3 =    5.36697,    7.36408       
# span 4 =     0.3587,     0.5817       
# span 5 =     0.1918,     0.2858       
# span 6 =    34.4489,    35.3190       
# span 7 = 0.0000e+00, 0.0000e+00       
# interval = decibars: 1                
# start_time = Mar 10 2016 03:21:41 [Instrument's time stamp, header]
# bad_flag = -9.990e-29
*END*
      1.000    12.4158   3.982962    7.36408     0.5411     0.2833    34.4489 0.0000e+00
      2.000    12.3854   3.988714    7.17771     0.5565     0.2848    34.5319 0.0000e+00
      3.000    12.4357   3.997955    6.91326     0.5419     0.2837    34.5744 0.0000e+00
      4.000    12.4991   4.013386    6.12186     0.5395     0.2858    34.6644 0.0000e+00
      5.000    12.5480   4.025665    5.78966     0.5107     0.2758    34.7370 0.0000e+00
      6.000    12.5738   4.031831    5.76119     0.5538     0.2655    34.7722 0.0000e+00
      7.000    12.5879   4.035608    6.06277     0.5563     0.2594    34.7951 0.0000e+00
      8.000    12.6645   4.055034    5.69010     0.5110     0.2532    34.9105 0.0000e+00
      9.000    12.7123   4.067060    5.62048     0.4807     0.2445    34.9813 0.0000e+00
     10.000    12.7400   4.075201    5.61454     0.4723     0.2426    35.0334 0.0000e+00
     11.000    12.7471   4.077858    5.68144     0.4676     0.2359    35.0518 0.0000e+00
     12.000    12.7532   4.079351    5.65597     0.4353     0.2277    35.0601 0.0000e+00
     13.000    12.7598   4.081143    5.62229     0.4250     0.2188    35.0707 0.0000e+00
     14.000    12.7604   4.081547    5.61174     0.4910     0.2181    35.0736 0.0000e+00
     15.000    12.7587   4.081352    5.81433     0.5221     0.2190    35.0729 0.0000e+00
     16.000    12.7594   4.081482    6.04803     0.4247     0.2212    35.0730 0.0000e+00
     17.000    12.7601   4.081594    5.66176     0.4245     0.2199    35.0730 0.0000e+00
     18.000    12.7616   4.081856    5.50438     0.4646     0.2279    35.0737 0.0000e+00
     19.000    12.7611   4.081815    5.53017     0.4389     0.2234    35.0734 0.0000e+00
     20.000    12.7608   4.081916    5.51599     0.4956     0.2307    35.0742 0.0000e+00
     21.000    12.7604   4.081902    5.49059     0.4989     0.2265    35.0740 0.0000e+00
     22.000    12.7584   4.081821    5.56289     0.4299     0.2223    35.0746 0.0000e+00
     23.000    12.7541   4.081547    5.59089     0.4239     0.2241    35.0756 0.0000e+00
     24.000    12.7523   4.081562    5.54220     0.4585     0.2261    35.0769 0.0000e+00
     25.000    12.7566   4.082443    5.49034     0.5314     0.2252    35.0810 0.0000e+00
     26.000    12.7584   4.082886    5.53065     0.4569     0.2202    35.0832 0.0000e+00
     27.000    12.7605   4.083264    5.56431     0.5121     0.2246    35.0844 0.0000e+00
     28.000    12.7653   4.084164    5.55358     0.4661     0.2210    35.0882 0.0000e+00
     29.000    12.7799   4.086674    5.52572     0.5214     0.2208    35.0982 0.0000e+00
     30.000    12.7891   4.089005    5.54162     0.4851     0.2261    35.1115 0.0000e+00
     31.000    12.8128   4.094042    5.50606     0.3587     0.2187    35.1374 0.0000e+00
     32.000    12.8188   4.095173    5.51092     0.3779     0.2163    35.1422 0.0000e+00
     33.000    12.8204   4.095489    5.48390     0.4791     0.2182    35.1433 0.0000e+00
     34.000    12.8200   4.095536    5.47897     0.3818     0.2173    35.1437 0.0000e+00
     35.000    12.8250   4.096435    5.52598     0.3945     0.2189    35.1472 0.0000e+00
     36.000    12.8295   4.097385    5.51811     0.4499     0.2176    35.1517 0.0000e+00
     37.000    12.8425   4.100449    5.47923     0.4048     0.2210    35.1685 0.0000e+00
     38.000    12.8667   4.106228    5.47167     0.4113     0.2165    35.2009 0.0000e+00
     39.000    12.8873   4.111770    5.47729     0.4161     0.2142    35.2344 0.0000e+00
     40.000    12.8849   4.111578    5.44619     0.4535     0.2120    35.2344 0.0000e+00
     41.000    12.8879   4.113350    5.42549     0.4149     0.2133    35.2481 0.0000e+00
     42.000    12.8866   4.115838    5.45102     0.3704     0.2121    35.2727 0.0000e+00
     43.000    12.9151   4.120462    5.46646     0.4149     0.2136    35.2899 0.0000e+00
     44.000    12.9325   4.122892    5.44015     0.4368     0.2183    35.2965 0.0000e+00
     45.000    12.9307   4.123097    5.42914     0.3956     0.2205    35.2997 0.0000e+00
     46.000    12.9191   4.122829    5.44217     0.4176     0.2305    35.3076 0.0000e+00
     47.000    12.8972   4.121325    5.42111     0.4327     0.2220    35.3132 0.0000e+00
     48.000    12.8883   4.120836    5.42582     0.4697     0.2086    35.3164 0.0000e+00
     49.000    12.8907   4.121172    5.44058     0.5175     0.1984    35.3169 0.0000e+00
     50.000    12.8896   4.121075    5.39442     0.5642     0.1976    35.3166 0.0000e+00
     51.000    12.8911   4.121336    5.42741     0.5132     0.1973    35.3172 0.0000e+00
     52.000    12.8929   4.121607    5.40492     0.5792     0.1934    35.3178 0.0000e+00
     53.000    12.8931   4.121663    5.42925     0.5817     0.1944    35.3177 0.0000e+00
     54.000    12.8938   4.121804    5.46228     0.5162     0.1990    35.3180 0.0000e+00
     55.000    12.8947   4.121979    5.40770     0.5723     0.1961    35.3183 0.0000e+00
     56.000    12.8956   4.122124    5.39757     0.5479     0.1971    35.3185 0.0000e+00
     57.000    12.8962   4.122270    5.44681     0.5113     0.1938    35.3188 0.0000e+00
     58.000    12.8960   4.122264    5.43693     0.5486     0.1960    35.3185 0.0000e+00
     57.000    12.8962   4.122251    5.36697     0.5485     0.1953    35.3187 0.0000e+00
     56.000    12.8975   4.122371    5.42326     0.5313     0.1968    35.3190 0.0000e+00
     55.000    12.8960   4.122119    5.41287     0.5343     0.1947    35.3185 0.0000e+00
     54.000    12.8945   4.121910    5.42004     0.5097     0.1958    35.3183 0.0000e+00
     53.000    12.8936   4.121795    5.41799     0.5774     0.1954    35.3184 0.0000e+00
     52.000    12.8937   4.121722    5.43502     0.5024     0.2004    35.3181 0.0000e+00
     51.000    12.8920   4.121442    5.44142     0.5166     0.1958    35.3174 0.0000e+00
     50.000    12.8887   4.121006    5.45337     0.5256     0.2009    35.3168 0.0000e+00
     49.000    12.8878   4.120834    5.44487     0.5346     0.1918    35.3164 0.0000e+00
     48.000    12.8891   4.120781    5.46609     0.5386     0.1950    35.3152 0.0000e+00
     47.000    12.9080   4.121903    5.44554     0.5110     0.2066    35.3086 0.0000e+00
     46.000    12.9194   4.122471    5.47564     0.4485     0.2131    35.3038 0.0000e+00
     45.000    12.9232   4.121864    5.47966     0.4195     0.2231    35.2949 0.0000e+00
     44.000    12.9263   4.121799    5.48533     0.3764     0.2245    35.2918 0.0000e+00
     43.000    12.9039   4.117763    5.49918     0.3959     0.2141    35.2746 0.0000e+00
     42.000    12.8859   4.113530    5.49688     0.4288     0.2133    35.2513 0.0000e+00
     41.000    12.8871   4.112746    5.46001     0.4158     0.2151    35.2430 0.0000e+00
     40.000    12.8857   4.111743    5.50296     0.4021     0.2104    35.2352 0.0000e+00
     39.000    12.8836   4.110510    5.49451     0.3941     0.2097    35.2258 0.0000e+00
     38.000    12.8632   4.105253    5.42601     0.3983     0.2154    35.1949 0.0000e+00
     37.000    12.8427   4.100314    5.44275     0.3785     0.2150    35.1671 0.0000e+00
     36.000    12.8282   4.097113    5.45870     0.4116     0.2174    35.1503 0.0000e+00
     35.000    12.8252   4.096327    5.47679     0.4142     0.2168    35.1460 0.0000e+00
     34.000    12.8238   4.095996    5.45248     0.4093     0.2183    35.1446 0.0000e+00
     33.000    12.8219   4.095624    5.44671     0.4159     0.2164    35.1432 0.0000e+00
     32.000    12.8181   4.094908    5.45087     0.4101     0.2169    35.1403 0.0000e+00
     31.000    12.8052   4.092373    5.47712     0.4287     0.2216    35.1284 0.0000e+00
     30.000    12.7757   4.085782    5.46670     0.4434     0.2222    35.0931 0.0000e+00
     29.000    12.7638   4.083950    5.49795     0.4466     0.2232    35.0871 0.0000e+00
     28.000    12.7587   4.083140    5.46317     0.4867     0.2213    35.0844 0.0000e+00
     27.000    12.7585   4.082705    5.53516     0.4577     0.2240    35.0809 0.0000e+00
     26.000    12.7582   4.082308    5.52916     0.4765     0.2251    35.0778 0.0000e+00
     25.000    12.7571   4.082022    5.50520     0.4876     0.2238    35.0765 0.0000e+00
     24.000    12.7572   4.081972    5.49821     0.4979     0.2276    35.0763 0.0000e+00
     23.000    12.7571   4.081868    5.59591     0.4728     0.2238    35.0759 0.0000e+00
     22.000    12.7573   4.081717    5.58474     0.4944     0.2252    35.0747 0.0000e+00
     21.000    12.7563   4.081458    5.68021     0.4738     0.2252    35.0735 0.0000e+00
     20.000    12.7565   4.081245    5.87311     0.4613     0.2242    35.0717 0.0000e+00
     19.000    12.7560   4.080996    6.07603     0.4840     0.2279    35.0703 0.0000e+00
     18.000    12.7560   4.080938    6.25170     0.4630     0.2283    35.0701 0.0000e+00
     17.000    12.7556   4.080856    5.89147     0.4671     0.2237    35.0702 0.0000e+00
     16.000    12.7561   4.080772    6.03574     0.4635     0.2252    35.0693 0.0000e+00
     15.000    12.7559   4.080684    5.99566     0.4550     0.2254    35.0691 0.0000e+00
     14.000    12.7542   4.080465    6.11380     0.4694     0.2235    35.0690 0.0000e+00
     13.000    12.7548   4.080448    5.90445     0.4630     0.2254    35.0687 0.0000e+00
     12.000    12.7537   4.080164    6.11824     0.4599     0.2229    35.0662 0.0000e+00
     11.000    12.7520   4.078459    5.78551     0.4476     0.2254    35.0534 0.0000e+00
     10.000    12.7368   4.074137    5.80306     0.4487     0.2295    35.0261 0.0000e+00
      9.000    12.7162   4.068631    6.05344     0.4557     0.2312    34.9928 0.0000e+00
      8.000    12.7047   4.065656    5.74265     0.4616     0.2343    34.9754 0.0000e+00
      7.000    12.6732   4.057726    5.83848     0.4545     0.2399    34.9288 0.0000e+00
      6.000    12.6258   4.045650    5.64728     0.4743     0.2521    34.8571 0.0000e+00
      5.000    12.5714   4.031690    5.80668     0.4979     0.2555    34.7735 0.0000e+00
      4.000    12.5528   4.026890    5.83329     0.5193     0.2579    34.7449 0.0000e+00
      3.000    12.4992   4.013090    5.89545     0.5303     0.2700    34.6618 0.0000e+00
      2.000    12.4537   4.001969    6.69088     0.5482     0.2763    34.5969 0.0000e+00
      1.000    12.4072   3.990676    7.35308     0.5568     0.2842    34.5312 0.0000e+00
