tests/test3_bad_locations/c008.cnv
* Sea-Bird SBE25 Data File:
* FileName = C:\Users\seco1\Desktop\CAREVA0316\c008.hex
* Software Version 1.59
* Temperature SN = 5117
* Conductivity SN = 3687
* System UpLoad Time = Mar 09 2016 04:53:59
** Ship: Vizconde de Eza
** Cruise: Careva0316
** Station:36
** Cast:008
** Latitude:43 23.250 N
** Longitude:002 14.586 W
** Date:08/03/2016
** Time GMT:04:10
** Depth:107
# nquan = 8
# nvalues = 122                         
# units = specified
# name 0 = prSM: Pressure, Strain Gauge [db]
# name 1 = t090C: Temperature [ITS-90, deg C]
# name 2 = c0S/m: Conductivity [S/m]
# name 3 = sbeox0ML/L: Oxygen, SBE 43 [ml/l]
# name 4 = flECO-AFL: Fluorescence, WET Labs ECO-AFL/FL [mg/m^3]
# name 5 = turbWETntu0: Turbidity, WET Labs ECO [NTU]
# name 6 = sal00: Salinity, Practical [PSU]
# name 7 = flag: flag
# span 0 =      1.000,     94.000       
# span 1 =    12.7927,    13.0832       
# span 2 =   4.091552,   4.158438       
# span 3 =    4.37088,    5.67680       
# span 4 =     0.4750,     0.6580       
# span 5 =     0.1676,     0.2081       
# span 6 =    35.1452,    35.5033       
# span 7 = 0.0000e+00, 0.0000e+00       
# interval = decibars: 1                
# start_time = Mar 10 2016 05:41:34 [Instrument's time stamp, header]
# bad_flag = -9.990e-29
*END*
     66.000    13.0375   4.150070    5.16207     0.6392     0.1771    35.4487 0.0000e+00
     67.000    13.0374   4.150205    5.22193     0.6299     0.1740    35.4496 0.0000e+00
     68.000    13.0376   4.150345    5.25931     0.6015     0.1697    35.4503 0.0000e+00
     69.000    13.0380   4.150453    5.25265     0.5943     0.1721    35.4506 0.0000e+00
     70.000    13.0418   4.150594    5.12663     0.5742     0.1707    35.4479 0.0000e+00
     71.000    13.0514   4.152056    4.98652     0.5965     0.1697    35.4525 0.0000e+00
     72.000    13.0514   4.152582    5.04252     0.5602     0.1776    35.4570 0.0000e+00
     73.000    13.0530   4.152893    5.16390     0.5445     0.1743    35.4580 0.0000e+00
     74.000    13.0544   4.153237    5.24610     0.5362     0.1732    35.4596 0.0000e+00
     75.000    13.0548   4.153427    5.23192     0.5392     0.1760    35.4607 0.0000e+00
     76.000    13.0551   4.153575    5.20995     0.5257     0.1775    35.4613 0.0000e+00
     77.000    13.0548   4.153656    5.21625     0.5151     0.1736    35.4619 0.0000e+00
     78.000    13.0557   4.153735    5.25140     0.5152     0.1745    35.4615 0.0000e+00
     79.000    13.0571   4.153769    5.05279     0.5411     0.1778    35.4600 0.0000e+00
     80.000    13.0592   4.154359    4.67690     0.5256     0.1788    35.4633 0.0000e+00
     81.000    13.0613   4.154742    4.66822     0.5031     0.1793    35.4646 0.0000e+00
     82.000    13.0627   4.155116    4.76893     0.4868     0.1827    35.4663 0.0000e+00
     83.000    13.0649   4.155443    5.04963     0.4889     0.1791    35.4669 0.0000e+00
     84.000    13.0692   4.156088    5.26468     0.4889     0.1758    35.4687 0.0000e+00
     85.000    13.0723   4.156542    5.41962     0.4885     0.1782    35.4697 0.0000e+00
     86.000    13.0741   4.156709    5.45921     0.5191     0.1802    35.4691 0.0000e+00
     87.000    13.0714   4.156545    4.46829     0.5091     0.1858    35.4697 0.0000e+00
     88.000    13.0724   4.156749    4.59462     0.5159     0.1861    35.4703 0.0000e+00
     89.000    13.0744   4.157087    4.98236     0.5104     0.1792    35.4712 0.0000e+00
     90.000    13.0745   4.157097    5.24938     0.5338     0.1777    35.4707 0.0000e+00
     91.000    13.0777   4.157577    5.30982     0.5596     0.1835    35.4719 0.0000e+00
     92.000    13.0814   4.158017    5.31521     0.5559     0.1828    35.4722 0.0000e+00
     93.000    13.0830   4.158438    5.34068     0.5457     0.1828    35.4743 0.0000e+00
     94.000    13.0832   4.158293    5.35381     0.5587     0.1815    35.4723 0.0000e+00
     93.000    13.0826   4.158047    5.21285     0.5236     0.1864    35.4710 0.0000e+00
     92.000    13.0806   4.157938    5.06554     0.5238     0.1823    35.4722 0.0000e+00
     91.000    13.0763   4.157830    4.87810     0.5253     0.1806    35.4756 0.0000e+00
     90.000    13.0750   4.157377    4.58819     0.5598     0.1834    35.4730 0.0000e+00
     89.000    13.0765   4.157381    4.75945     0.5459     0.1840    35.4720 0.0000e+00
     88.000    13.0772   4.157294    4.84293     0.5692     0.1802    35.4710 0.0000e+00
     87.000    13.0753   4.157242    4.92185     0.5720     0.1799    35.4727 0.0000e+00
     86.000    13.0741   4.157217    4.99773     0.5578     0.1799    35.4740 0.0000e+00
     85.000    13.0714   4.157019    5.02531     0.5476     0.1803    35.4750 0.0000e+00
     84.000    13.0692   4.156650    4.90204     0.5458     0.1796    35.4740 0.0000e+00
     83.000    13.0687   4.156534    4.72548     0.5139     0.1782    35.4738 0.0000e+00
     82.000    13.0672   4.156593    4.57094     0.4881     0.1829    35.4762 0.0000e+00
     81.000    13.0695   4.156523    4.61567     0.4754     0.1842    35.4738 0.0000e+00
     80.000    13.0668   4.156440    4.72241     0.4757     0.1824    35.4761 0.0000e+00
     79.000    13.0628   4.156330    4.81694     0.4750     0.1798    35.4792 0.0000e+00
     78.000    13.0606   4.156190    4.79290     0.4882     0.1752    35.4803 0.0000e+00
     77.000    13.0573   4.155717    4.69582     0.5108     0.1785    35.4793 0.0000e+00
     76.000    13.0555   4.155085    4.57474     0.5017     0.1786    35.4753 0.0000e+00
     75.000    13.0545   4.154877    4.46898     0.4921     0.1778    35.4747 0.0000e+00
     74.000    13.0552   4.155422    4.43032     0.5081     0.1740    35.4798 0.0000e+00
     73.000    13.0626   4.155773    4.38933     0.5094     0.1743    35.4765 0.0000e+00
     72.000    13.0684   4.155832    4.68285     0.4937     0.1727    35.4722 0.0000e+00
     71.000    13.0681   4.155835    5.18583     0.5026     0.1699    35.4729 0.0000e+00
     70.000    13.0680   4.155799    5.20632     0.5009     0.1706    35.4730 0.0000e+00
     69.000    13.0682   4.155744    5.18617     0.5033     0.1727    35.4727 0.0000e+00
     68.000    13.0599   4.155630    5.14802     0.5138     0.1723    35.4799 0.0000e+00
     67.000    13.0446   4.155427    5.10314     0.5635     0.1713    35.4927 0.0000e+00
     66.000    13.0403   4.155303    5.07109     0.5580     0.1711    35.4960 0.0000e+00
     65.000    13.0385   4.154337    5.02642     0.5616     0.1692    35.4889 0.0000e+00
     64.000    13.0382   4.153019    4.91313     0.5995     0.1692    35.4771 0.0000e+00
     63.000    13.0376   4.153051    4.74355     0.6244     0.1752    35.4783 0.0000e+00
     62.000    13.0509   4.154969    4.37088     0.6094     0.1723    35.4846 0.0000e+00
     61.000    13.0608   4.155006    4.56032     0.6545     0.1719    35.4761 0.0000e+00
     60.000    13.0623   4.154987    4.94220     0.6062     0.1676    35.4749 0.0000e+00
     59.000    13.0634   4.154949    5.06484     0.5781     0.1700    35.4741 0.0000e+00
     58.000    13.0635   4.154906    5.08824     0.5786     0.1705    35.4739 0.0000e+00
     57.000    13.0434   4.154598    5.08613     0.6226     0.1704    35.4903 0.0000e+00
     56.000    13.0269   4.154297    5.09972     0.5922     0.1700    35.5033 0.0000e+00
     55.000    13.0231   4.153033    5.07889     0.5768     0.1703    35.4952 0.0000e+00
     54.000    13.0225   4.152738    4.92903     0.6141     0.1683    35.4934 0.0000e+00
     53.000    13.0440   4.154330    4.66649     0.5507     0.1704    35.4889 0.0000e+00
     52.000    13.0621   4.154355    4.65823     0.5663     0.1695    35.4726 0.0000e+00
     51.000    13.0557   4.154251    5.07188     0.5712     0.1703    35.4780 0.0000e+00
     50.000    13.0365   4.150312    5.19295     0.5742     0.1738    35.4589 0.0000e+00
     49.000    13.0153   4.145307    5.13556     0.5465     0.1735    35.4312 0.0000e+00
     48.000    13.0183   4.145942    5.19598     0.5650     0.1730    35.4349 0.0000e+00
     47.000    13.0159   4.145441    5.42640     0.5756     0.1725    35.4328 0.0000e+00
     46.000    13.0152   4.145316    5.60126     0.5603     0.1769    35.4328 0.0000e+00
     45.000    13.0149   4.145212    5.63149     0.5920     0.1716    35.4325 0.0000e+00
     44.000    13.0147   4.145151    5.63017     0.6129     0.1712    35.4325 0.0000e+00
     43.000    13.0144   4.145008    5.59261     0.5660     0.1723    35.4318 0.0000e+00
     42.000    13.0144   4.144972    5.57079     0.5966     0.1722    35.4320 0.0000e+00
     41.000    13.0140   4.144868    5.57061     0.6087     0.1714    35.4318 0.0000e+00
     40.000    13.0127   4.144615    5.57516     0.5930     0.1695    35.4310 0.0000e+00
     39.000    13.0095   4.144021    5.57674     0.5756     0.1703    35.4288 0.0000e+00
     38.000    12.9990   4.142489    5.58457     0.5920     0.1725    35.4243 0.0000e+00
     37.000    12.9956   4.141976    5.58851     0.5969     0.1730    35.4231 0.0000e+00
     36.000    12.9920   4.141429    5.58019     0.6015     0.1758    35.4216 0.0000e+00
     35.000    12.9873   4.140795    5.57063     0.5701     0.1725    35.4204 0.0000e+00
     34.000    12.9853   4.140451    5.55999     0.6441     0.1722    35.4194 0.0000e+00
     33.000    12.9847   4.140330    5.56467     0.6168     0.1742    35.4193 0.0000e+00
     32.000    12.9844   4.140216    5.58051     0.5988     0.1738    35.4189 0.0000e+00
     31.000    12.9853   4.140272    5.59226     0.5915     0.1730    35.4191 0.0000e+00
     30.000    12.9852   4.140199    5.58992     0.5744     0.1747    35.4189 0.0000e+00
     29.000    12.9846   4.140050    5.58622     0.5956     0.1728    35.4184 0.0000e+00
     28.000    12.9808   4.139469    5.57316     0.5898     0.1697    35.4169 0.0000e+00
     27.000    12.9812   4.139466    5.59213     0.6002     0.1713    35.4169 0.0000e+00
     26.000    12.9787   4.139096    5.59952     0.6015     0.1727    35.4162 0.0000e+00
     25.000    12.9764   4.138738    5.59662     0.5890     0.1740    35.4153 0.0000e+00
     24.000    12.9740   4.138393    5.59619     0.5950     0.1723    35.4146 0.0000e+00
     23.000    12.9721   4.138087    5.60399     0.5915     0.1720    35.4140 0.0000e+00
     22.000    12.9682   4.137504    5.59693     0.6066     0.1750    35.4125 0.0000e+00
     21.000    12.9653   4.137052    5.59614     0.6200     0.1707    35.4113 0.0000e+00
     20.000    12.9642   4.136825    5.60381     0.6160     0.1731    35.4106 0.0000e+00
     19.000    12.9624   4.136521    5.61636     0.5960     0.1695    35.4097 0.0000e+00
     18.000    12.9614   4.136237    5.59932     0.5985     0.1731    35.4084 0.0000e+00
     17.000    12.9601   4.135798    5.57705     0.6130     0.1763    35.4059 0.0000e+00
     16.000    12.9594   4.135631    5.58277     0.6066     0.1727    35.4054 0.0000e+00
     15.000    12.9578   4.135114    5.59732     0.6059     0.1706    35.4023 0.0000e+00
     14.000    12.9501   4.132576    5.60729     0.6407     0.1697    35.3857 0.0000e+00
     13.000    12.9424   4.130122    5.59453     0.6055     0.1740    35.3699 0.0000e+00
     12.000    12.9299   4.126303    5.60339     0.6068     0.1745    35.3455 0.0000e+00
     11.000    12.9172   4.122559    5.61236     0.6134     0.1791    35.3219 0.0000e+00
     10.000    12.9084   4.120172    5.61942     0.6047     0.1837    35.3077 0.0000e+00
      9.000    12.9059   4.119269    5.61828     0.6059     0.1851    35.3018 0.0000e+00
      8.000    12.9011   4.117953    5.62134     0.6368     0.1842    35.2942 0.0000e+00
      7.000    12.8812   4.112889    5.63410     0.6476     0.1881    35.2646 0.0000e+00
      6.000    12.8516   4.105417    5.64178     0.6325     0.1966    35.2211 0.0000e+00
      5.000    12.8473   4.104371    5.65200     0.6408     0.1971    35.2155 0.0000e+00
      4.000    12.8425   4.103047    5.66390     0.6416     0.2013    35.2078 0.0000e+00
      3.000    12.8358   4.101424    5.67145     0.6512     0.1980    35.1989 0.0000e+00
      2.000    12.8013   4.093644    5.66563     0.6515     0.2047    35.1568 0.0000e+00
      1.000    12.7927   4.091552    5.67680     0.6580     0.2081    35.1452 0.0000e+00
