tests/test3_bad_locations/c009.cnv
* Sea-Bird SBE25 Data File:
* FileName = C:\Users\seco1\Desktop\CAREVA0316\c009.hex
* Software Version 1.59
* Temperature SN = 5117
* Conductivity SN = 3687
* System UpLoad Time = Mar 10 2016 23:10:06
** Ship: Vizconde de Eza
** Cruise: Careva0316
** Station:39
** Cast:009
** Latitude:43 52.485 N
** Longitude:02 30.062 W
** Date:10/03/2016
** Time GMT:22:50
** Depth:1073
# nquan = 8
# nvalues = 401                         
# units = specified
# name 0 = prSM: Pressure, Strain Gauge [db]
# name 1 = t090C: Temperature [ITS-90, deg C]
# name 2 = c0S/m: Conductivity [S/m]
# name 3 = sbeox0ML/L: Oxygen, SBE 43 [ml/l]
# name 4 = flECO-AFL: Fluorescence, WET Labs ECO-AFL/FL [mg/m^3]
# name 5 = turbWETntu0: Turbidity, WET Labs ECO [NTU]
# name 6 = sal00: Salinity, Practical [PSU]
# name 7 = flag: flag
# span 0 =      1.000,    201.000       
# span 1 =    12.0179,    13.0432       
# span 2 =   4.073462,   4.166485       
# span 3 =    4.99828,   14.94193       
# span 4 =     0.0191,     1.0175       
# span 5 =     0.1205,     0.1981       
# span 6 =    35.2539,    35.6318       
# span 7 = 0.0000e+00, 0.0000e+00       
# interval = decibars: 1                
# start_time = Mar 11 2016 23:36:49 [Instrument's time stamp, header]
# bad_flag = -9.990e-29
*END*
[from data line 180]
    181.000    12.2995   4.101113    5.04407     0.0482     0.1217    35.6234 0.0000e+00
    182.000    12.2977   4.100886    5.04624     0.0481     0.1227    35.6225 0.0000e+00
    183.000    12.2805   4.099260    5.04839     0.0587     0.1224    35.6225 0.0000e+00
    184.000    12.2498   4.096170    5.05113     0.0458     0.1231    35.6213 0.0000e+00
    185.000    12.1988   4.091102    5.04194     0.0355     0.1219    35.6201 0.0000e+00
    186.000    12.1925   4.090486    5.03705     0.0269     0.1251    35.6196 0.0000e+00
    187.000    12.1815   4.089272    5.04792     0.0343     0.1237    35.6179 0.0000e+00
    188.000    12.1705   4.088350    5.04729     0.0527     0.1213    35.6189 0.0000e+00
    189.000    12.1695   4.088266    5.05542     0.0407     0.1226    35.6187 0.0000e+00
    190.000    12.1632   4.087675    5.04214     0.0431     0.1246    35.6185 0.0000e+00
    191.000    12.1554   4.086892    5.04980     0.0422     0.1210    35.6178 0.0000e+00
    192.000    12.1419   4.085608    5.06089     0.0498     0.1226    35.6177 0.0000e+00
    193.000    12.1266   4.083918    5.05461     0.0419     0.1213    35.6154 0.0000e+00
    194.000    12.1122   4.082594    5.04754     0.0296     0.1205    35.6157 0.0000e+00
    195.000    12.1072   4.082014    5.05297     0.0453     0.1225    35.6145 0.0000e+00
    196.000    12.0924   4.080612    5.05490     0.0469     0.1228    35.6144 0.0000e+00
    197.000    12.0819   4.079698    5.06291     0.0375     0.1210    35.6151 0.0000e+00
    198.000    12.0770   4.079221    5.07137     0.0452     0.1213    35.6146 0.0000e+00
    199.000    12.0749   4.079068    5.05191     0.0357     0.1234    35.6147 0.0000e+00
    200.000    12.0476   4.076264    5.05635     0.0354     0.1213    35.6129 0.0000e+00
    201.000    12.0179   4.073462    5.05812     0.0345     0.1209    35.6134 0.0000e+00
    200.000    12.0330   4.074797    5.05694     0.0307     0.1207    35.6125 0.0000e+00
    199.000    12.0428   4.075851    5.05260     0.0385     0.1212    35.6140 0.0000e+00
    198.000    12.0681   4.078225    5.04895     0.0480     0.1233    35.6134 0.0000e+00
    197.000    12.0738   4.078820    5.05080     0.0509     0.1230    35.6142 0.0000e+00
    196.000    12.0776   4.079163    5.05294     0.0468     0.1229    35.6144 0.0000e+00
    195.000    12.0935   4.080770    5.04892     0.0434     0.1223    35.6153 0.0000e+00
    194.000    12.1028   4.081659    5.04345     0.0457     0.1217    35.6156 0.0000e+00
    193.000    12.1124   4.082597    5.04261     0.0191     0.1205    35.6160 0.0000e+00
    192.000    12.1150   4.082876    5.04133     0.0240     0.1210    35.6167 0.0000e+00
    191.000    12.1303   4.084394    5.03942     0.0492     0.1235    35.6173 0.0000e+00
    190.000    12.1420   4.085509    5.03870     0.0466     0.1231    35.6175 0.0000e+00
    189.000    12.1506   4.086332    5.03700     0.0331     0.1227    35.6177 0.0000e+00
    188.000    12.1750   4.088867    5.03726     0.0482     0.1224    35.6197 0.0000e+00
    187.000    12.1725   4.088482    5.03200     0.0330     0.1231    35.6188 0.0000e+00
    186.000    12.1765   4.088845    5.02987     0.0299     0.1228    35.6189 0.0000e+00
    185.000    12.1815   4.089318    5.02535     0.0431     0.1256    35.6192 0.0000e+00
    184.000    12.1874   4.089861    5.01914     0.0434     0.1247    35.6193 0.0000e+00
    183.000    12.1979   4.090926    5.01578     0.0319     0.1233    35.6201 0.0000e+00
    182.000    12.2196   4.093162    5.02378     0.0331     0.1224    35.6217 0.0000e+00
    181.000    12.2489   4.095967    5.02723     0.0327     0.1220    35.6215 0.0000e+00
    180.000    12.2681   4.098060    5.02295     0.0323     0.1230    35.6240 0.0000e+00
    179.000    12.3157   4.102704    5.02598     0.0329     0.1254    35.6244 0.0000e+00
    178.000    12.3280   4.104008    5.02760     0.0321     0.1233    35.6257 0.0000e+00
    177.000    12.3503   4.106312    5.01026     0.0424     0.1228    35.6273 0.0000e+00
    176.000    12.3928   4.110469    5.00124     0.0458     0.1226    35.6277 0.0000e+00
    175.000    12.4271   4.113850    5.00111     0.0420     0.1226    35.6284 0.0000e+00
    174.000    12.4341   4.114582    5.00122     0.0446     0.1231    35.6292 0.0000e+00
    173.000    12.4385   4.114984    5.00463     0.0449     0.1238    35.6293 0.0000e+00
    172.000    12.4472   4.115858    5.00653     0.0442     0.1236    35.6301 0.0000e+00
    171.000    12.4589   4.116966    5.00245     0.0467     0.1245    35.6301 0.0000e+00
    170.000    12.4726   4.118439    5.00213     0.0442     0.1232    35.6318 0.0000e+00
    169.000    12.5060   4.121468    5.00910     0.0463     0.1231    35.6299 0.0000e+00
    168.000    12.5199   4.122838    5.00201     0.0474     0.1242    35.6304 0.0000e+00
    167.000    12.5422   4.125031    5.00389     0.0487     0.1261    35.6308 0.0000e+00
    166.000    12.5836   4.128804    5.00416     0.0592     0.1252    35.6285 0.0000e+00
    165.000    12.6213   4.132352    4.99828     0.0697     0.1255    35.6275 0.0000e+00
    164.000    12.6487   4.134778    4.99991     0.0800     0.1223    35.6254 0.0000e+00
    163.000    12.6908   4.138384    5.00633     0.1079     0.1240    35.6208 0.0000e+00
    162.000    12.7267   4.141478    5.00844     0.1292     0.1243    35.6170 0.0000e+00
    161.000    12.7964   4.147569    5.01125     0.1871     0.1251    35.6102 0.0000e+00
    160.000    12.8381   4.151332    5.02174     0.1946     0.1255    35.6074 0.0000e+00
    159.000    12.8957   4.156791    5.03281     0.2854     0.1255    35.6059 0.0000e+00
    158.000    12.9238   4.159340    5.06154     0.3829     0.1265    35.6043 0.0000e+00
    157.000    12.9656   4.163139    5.13236     0.4734     0.1267    35.6018 0.0000e+00
    156.000    12.9759   4.164024    5.22523     0.5154     0.1252    35.6010 0.0000e+00
    155.000    12.9796   4.164306    5.30059     0.5239     0.1257    35.6007 0.0000e+00
    154.000    12.9809   4.164383    5.35482     0.5097     0.1270    35.6006 0.0000e+00
    153.000    12.9842   4.164623    5.39477     0.5118     0.1273    35.6002 0.0000e+00
    152.000    12.9899   4.165083    5.43454     0.5113     0.1272    35.5996 0.0000e+00
    151.000    12.9937   4.165347    5.45669     0.5212     0.1277    35.5991 0.0000e+00
    150.000    12.9976   4.165682    5.48030     0.5204     0.1282    35.5990 0.0000e+00
    149.000    13.0005   4.165849    5.49392     0.5349     0.1296    35.5983 0.0000e+00
    148.000    13.0022   4.165951    5.50686     0.5320     0.1295    35.5981 0.0000e+00
    147.000    13.0047   4.166134    5.51300     0.5607     0.1314    35.5980 0.0000e+00
    146.000    13.0061   4.166175    5.52945     0.5695     0.1277    35.5974 0.0000e+00
    145.000    13.0064   4.166126    5.55261     0.5928     0.1277    35.5971 0.0000e+00
    144.000    13.0069   4.166091    5.54604     0.6085     0.1302    35.5968 0.0000e+00
    143.000    13.0068   4.166027    5.54526     0.6064     0.1262    35.5967 0.0000e+00
    142.000    13.0074   4.165982    5.55338     0.5919     0.1272    35.5962 0.0000e+00
    141.000    13.0072   4.165958    5.54677     0.5843     0.1283    35.5965 0.0000e+00
    140.000    13.0075   4.165917    5.54184     0.5798     0.1276    35.5963 0.0000e+00
    139.000    13.0077   4.165869    5.53801     0.5814     0.1283    35.5960 0.0000e+00
    138.000    13.0080   4.165829    5.54226     0.5842     0.1284    35.5958 0.0000e+00
    137.000    13.0075   4.165737    5.55651     0.5845     0.1277    35.5958 0.0000e+00
    136.000    13.0072   4.165644    5.56804     0.6013     0.1268    35.5956 0.0000e+00
    135.000    13.0073   4.165609    5.56834     0.6014     0.1276    35.5957 0.0000e+00
    134.000    13.0073   4.165569    5.56228     0.5958     0.1279    35.5958 0.0000e+00
    133.000    13.0077   4.165547    5.55957     0.6846     0.1288    35.5955 0.0000e+00
    132.000    13.0079   4.165508    5.56718     0.6195     0.1274    35.5954 0.0000e+00
    131.000    13.0078   4.165444    5.56906     0.6111     0.1294    35.5953 0.0000e+00
    130.000    13.0076   4.165375    5.56534     0.5767     0.1309    35.5953 0.0000e+00
    129.000    13.0076   4.165340    5.56250     0.5698     0.1294    35.5954 0.0000e+00
    128.000    13.0075   4.165270    5.55892     0.5960     0.1286    35.5953 0.0000e+00
    127.000    13.0073   4.165205    5.57268     0.6484     0.1283    35.5953 0.0000e+00
    126.000    13.0071   4.165153    5.57646     0.6687     0.1281    35.5954 0.0000e+00
    125.000    13.0067   4.165042    5.57128     0.6460     0.1269    35.5951 0.0000e+00
    124.000    13.0067   4.165004    5.57819     0.6393     0.1274    35.5952 0.0000e+00
    123.000    13.0065   4.164902    5.58537     0.6199     0.1283    35.5949 0.0000e+00
    122.000    13.0065   4.164894    5.58500     0.6447     0.1293    35.5952 0.0000e+00
    121.000    13.0064   4.164834    5.58998     0.6831     0.1309    35.5951 0.0000e+00
    120.000    13.0063   4.164787    5.59173     0.6355     0.1293    35.5952 0.0000e+00
    119.000    13.0060   4.164712    5.58211     0.6175     0.1278    35.5952 0.0000e+00
    118.000    13.0059   4.164641    5.57169     0.6102     0.1282    35.5951 0.0000e+00
    117.000    13.0060   4.164575    5.56966     0.6096     0.1284    35.5948 0.0000e+00
    116.000    13.0058   4.164546    5.57829     0.6018     0.1284    35.5951 0.0000e+00
    115.000    13.0059   4.164486    5.59205     0.5920     0.1283    35.5949 0.0000e+00
    114.000    13.0058   4.164457    5.60453     0.6169     0.1296    35.5951 0.0000e+00
    113.000    13.0058   4.164424    5.59883     0.6387     0.1300    35.5953 0.0000e+00
    112.000    13.0057   4.164381    5.57442     0.6533     0.1297    35.5954 0.0000e+00
    111.000    13.0055   4.164306    5.57701     0.6200     0.1269    35.5953 0.0000e+00
    110.000    13.0055   4.164249    5.58551     0.6298     0.1298    35.5951 0.0000e+00
    109.000    13.0055   4.164226    5.59151     0.6428     0.1316    35.5954 0.0000e+00
    108.000    13.0054   4.164166    5.58891     0.6391     0.1287    35.5953 0.0000e+00
    107.000    13.0052   4.164109    5.58774     0.6293     0.1284    35.5954 0.0000e+00
    106.000    13.0049   4.163998    5.57832     0.6198     0.1276    35.5951 0.0000e+00
    105.000    13.0048   4.163947    5.58422     0.6154     0.1273    35.5951 0.0000e+00
    104.000    13.0044   4.163890    5.58817     0.6060     0.1284    35.5954 0.0000e+00
    103.000    13.0045   4.163857    5.58377     0.6084     0.1277    35.5953 0.0000e+00
    102.000    13.0045   4.163833    5.57705     0.6170     0.1258    35.5956 0.0000e+00
    101.000    13.0047   4.163756    5.58365     0.6206     0.1277    35.5951 0.0000e+00
    100.000    13.0043   4.163690    5.59162     0.6205     0.1294    35.5953 0.0000e+00
     99.000    13.0042   4.163658    5.59774     0.6353     0.1264    35.5955 0.0000e+00
     98.000    13.0041   4.163596    5.56921     0.6226     0.1296    35.5954 0.0000e+00
     97.000    13.0041   4.163546    5.58181     0.5841     0.1279    35.5954 0.0000e+00
     96.000    13.0040   4.163468    5.57682     0.5824     0.1281    35.5952 0.0000e+00
     95.000    13.0044   4.163494    5.58235     0.6108     0.1284    35.5955 0.0000e+00
     94.000    13.0045   4.163447    5.59460     0.6075     0.1290    35.5954 0.0000e+00
     93.000    13.0044   4.163414    5.60614     0.6070     0.1296    35.5956 0.0000e+00
     92.000    13.0042   4.163376    5.61104     0.6082     0.1295    35.5958 0.0000e+00
     91.000    13.0041   4.163331    5.61215     0.6208     0.1297    35.5959 0.0000e+00
     90.000    13.0039   4.163240    5.60022     0.6504     0.1295    35.5957 0.0000e+00
     89.000    13.0036   4.163173    5.57255     0.6258     0.1288    35.5957 0.0000e+00
     88.000    13.0034   4.163079    5.57210     0.6053     0.1294    35.5954 0.0000e+00
     87.000    13.0035   4.163069    5.57424     0.6144     0.1290    35.5957 0.0000e+00
     86.000    13.0033   4.163009    5.58521     0.6299     0.1286    35.5958 0.0000e+00
     85.000    13.0030   4.162922    5.59894     0.6212     0.1278    35.5956 0.0000e+00
     84.000    13.0027   4.162845    5.57342     0.6128     0.1294    35.5956 0.0000e+00
     83.000    13.0027   4.162791    5.58238     0.5971     0.1298    35.5955 0.0000e+00
     82.000    13.0027   4.162755    5.59032     0.5940     0.1311    35.5957 0.0000e+00
     81.000    13.0027   4.162666    5.59353     0.5993     0.1305    35.5952 0.0000e+00
     80.000    13.0026   4.162658    5.59423     0.6326     0.1312    35.5957 0.0000e+00
     79.000    13.0023   4.162592    5.59623     0.6307     0.1308    35.5957 0.0000e+00
     78.000    13.0023   4.162466    5.60720     0.6457     0.1311    35.5950 0.0000e+00
     77.000    13.0017   4.162374    5.61422     0.6359     0.1311    35.5951 0.0000e+00
     76.000    13.0014   4.162279    5.61292     0.6586     0.1321    35.5949 0.0000e+00
     75.000    13.0011   4.162172    5.59381     0.6247     0.1287    35.5946 0.0000e+00
     74.000    13.0013   4.162065    5.59712     0.6074     0.1297    35.5937 0.0000e+00
     73.000    13.0012   4.162101    5.58946     0.6068     0.1303    35.5948 0.0000e+00
     72.000    13.0011   4.162088    5.59101     0.6273     0.1285    35.5951 0.0000e+00
     71.000    13.0013   4.162012    5.58986     0.6565     0.1260    35.5946 0.0000e+00
     70.000    13.0014   4.161943    5.59189     0.6574     0.1262    35.5943 0.0000e+00
     69.000    13.0014   4.161900    5.59314     0.6597     0.1256    35.5943 0.0000e+00
     68.000    13.0008   4.161813    5.60983     0.6193     0.1275    35.5944 0.0000e+00
     67.000    13.0003   4.161726    5.62229     0.6263     0.1286    35.5945 0.0000e+00
     66.000    12.9996   4.161584    5.60457     0.6324     0.1292    35.5942 0.0000e+00
     65.000    12.9995   4.161526    5.59390     0.6457     0.1311    35.5942 0.0000e+00
     64.000    12.9992   4.161457    5.58922     0.6805     0.1298    35.5943 0.0000e+00
     63.000    12.9991   4.161391    5.60741     0.6670     0.1272    35.5942 0.0000e+00
     62.000    12.9989   4.161319    5.60171     0.6580     0.1301    35.5941 0.0000e+00
     61.000    12.9987   4.161244    5.59491     0.6571     0.1300    35.5941 0.0000e+00
     60.000    12.9989   4.161215    5.58973     0.6667     0.1289    35.5940 0.0000e+00
     59.000    12.9986   4.161131    5.59329     0.6791     0.1284    35.5939 0.0000e+00
     58.000    12.9986   4.161086    5.60530     0.6739     0.1285    35.5940 0.0000e+00
     57.000    12.9985   4.161031    5.61149     0.6805     0.1287    35.5940 0.0000e+00
     56.000    12.9984   4.160975    5.60911     0.7136     0.1291    35.5939 0.0000e+00
     55.000    12.9984   4.160901    5.60499     0.7291     0.1279    35.5936 0.0000e+00
     54.000    12.9984   4.160843    5.60539     0.7194     0.1293    35.5935 0.0000e+00
     53.000    12.9984   4.160805    5.59111     0.6914     0.1303    35.5936 0.0000e+00
     52.000    12.9985   4.160747    5.59236     0.6952     0.1299    35.5934 0.0000e+00
     51.000    12.9983   4.160708    5.59045     0.6788     0.1297    35.5936 0.0000e+00
     50.000    12.9985   4.160652    5.59608     0.6570     0.1311    35.5934 0.0000e+00
     49.000    12.9985   4.160631    5.59461     0.6567     0.1309    35.5935 0.0000e+00
     48.000    12.9986   4.160608    5.59819     0.6576     0.1302    35.5937 0.0000e+00
     47.000    12.9988   4.160526    5.60816     0.6578     0.1297    35.5931 0.0000e+00
     46.000    12.9996   4.160557    5.61699     0.6793     0.1296    35.5932 0.0000e+00
     45.000    13.0004   4.160572    5.62342     0.7554     0.1299    35.5930 0.0000e+00
     44.000    13.0008   4.160535    5.59734     0.7856     0.1300    35.5927 0.0000e+00
     43.000    13.0005   4.160480    5.57947     0.7611     0.1293    35.5928 0.0000e+00
