tests/test3_bad_locations/c009.cnv
* Sea-Bird SBE25 Data File:
* FileName = C:\Users\seco1\Desktop\CAREVA0316\c009.hex
* Software Version 1.59
* Temperature SN = 5117
* Conductivity SN = 3687
* System UpLoad Time = Mar 10 2016 23:10:06
** Ship: Vizconde de Eza
** Cruise: Careva0316
** Station:39
** Cast:009
** Latitude:43 52.485 N
** Longitude:02 30.062 W
** Date:10/03/2016
** Time GMT:22:50
** Depth:1073
# nquan = 8
# nvalues = 401                         
# units = specified
# name 0 = prSM: Pressure, Strain Gauge [db]
# name 1 = t090C: Temperature [ITS-90, deg C]
# name 2 = c0S/m: Conductivity [S/m]
# name 3 = sbeox0ML/L: Oxygen, SBE 43 [ml/l]
# name 4 = flECO-AFL: Fluorescence, WET Labs ECO-AFL/FL [mg/m^3]
# name 5 = turbWETntu0: Turbidity, WET Labs ECO [NTU]
# name 6 = sal00: Salinity, Practical [PSU]
# name 7 = flag: flag
# span 0 =      1.000,    201.000       
# span 1 =    12.0179,    13.0432       
# span 2 =   4.073462,   4.166485       
# span 3 =    4.99828,   14.94193       
# span 4 =     0.0191,     1.0175       
# span 5 =     0.1205,     0.1981       
# span 6 =    35.2539,    35.6318       
# span 7 = 0.0000e+00, 0.0000e+00       
# interval = decibars: 1                
# start_time = Mar 11 2016 23:36:49 [Instrument's time stamp, header]
# bad_flag = -9.990e-29
*END*
[from data line 360]
     41.000    13.0186   4.161777    5.60892     0.8403     0.1337    35.5891 0.0000e+00
     40.000    13.0262   4.162321    5.59754     0.9016     0.1316    35.5876 0.0000e+00
     39.000    13.0272   4.162335    5.60068     0.9078     0.1323    35.5872 0.0000e+00
     38.000    13.0309   4.162566    5.61081     0.8882     0.1325    35.5864 0.0000e+00
     37.000    13.0363   4.162899    5.61444     0.9254     0.1359    35.5849 0.0000e+00
     36.000    13.0386   4.163062    5.61702     0.9237     0.1362    35.5847 0.0000e+00
     35.000    13.0397   4.163063    5.62152     0.9842     0.1323    35.5841 0.0000e+00
     34.000    13.0398   4.162970    5.62436     0.9927     0.1313    35.5836 0.0000e+00
     33.000    13.0400   4.162899    5.62280     1.0062     0.1332    35.5832 0.0000e+00
     32.000    13.0400   4.162831    5.62357     1.0011     0.1350    35.5830 0.0000e+00
     31.000    13.0393   4.162714    5.63393     0.9664     0.1337    35.5829 0.0000e+00
     30.000    13.0408   4.162830    5.61222     0.9384     0.1338    35.5831 0.0000e+00
     29.000    13.0400   4.162673    5.61949     0.9558     0.1305    35.5827 0.0000e+00
     28.000    13.0399   4.162637    5.62498     0.9877     0.1334    35.5829 0.0000e+00
     27.000    13.0406   4.162662    5.63369     0.9850     0.1339    35.5830 0.0000e+00
     26.000    13.0406   4.162611    5.63543     0.9871     0.1347    35.5829 0.0000e+00
     25.000    13.0406   4.162550    5.63315     0.9835     0.1344    35.5827 0.0000e+00
     24.000    13.0392   4.162359    5.63452     0.9837     0.1326    35.5827 0.0000e+00
     23.000    13.0383   4.162226    5.64000     0.9780     0.1321    35.5827 0.0000e+00
     22.000    13.0382   4.162167    5.64706     0.9629     0.1324    35.5827 0.0000e+00
     21.000    13.0380   4.162093    5.64839     0.9668     0.1336    35.5826 0.0000e+00
     20.000    13.0379   4.162043    5.65293     0.9666     0.1349    35.5826 0.0000e+00
     19.000    13.0391   4.162117    5.61993     0.9380     0.1337    35.5826 0.0000e+00
     18.000    13.0400   4.162174    5.62474     0.9312     0.1347    35.5828 0.0000e+00
     17.000    13.0388   4.162007    5.62782     0.9685     0.1337    35.5827 0.0000e+00
     16.000    13.0383   4.161916    5.63144     0.9651     0.1339    35.5828 0.0000e+00
     15.000    13.0384   4.161850    5.63684     0.9652     0.1330    35.5825 0.0000e+00
     14.000    13.0388   4.161828    5.64722     0.9618     0.1327    35.5823 0.0000e+00
     13.000    13.0385   4.161769    5.65322     0.9669     0.1327    35.5825 0.0000e+00
     12.000    13.0383   4.161684    5.65969     0.9461     0.1341    35.5823 0.0000e+00
     11.000    13.0379   4.161596    5.66225     0.9349     0.1350    35.5822 0.0000e+00
     10.000    13.0382   4.161617    5.65569     0.9384     0.1349    35.5826 0.0000e+00
      9.000    13.0386   4.161596    5.63775     0.9729     0.1349    35.5825 0.0000e+00
      8.000    13.0380   4.161536    5.58285     0.9604     0.1339    35.5828 0.0000e+00
      7.000    13.0378   4.161400    5.55483     0.9720     0.1332    35.5822 0.0000e+00
      6.000    13.0378   4.161362    5.56851     0.9684     0.1325    35.5823 0.0000e+00
      5.000    13.0372   4.161266    5.57522     0.9725     0.1331    35.5824 0.0000e+00
      4.000    13.0379   4.161207    5.57475     0.9857     0.1351    35.5816 0.0000e+00
      3.000    13.0382   4.161252    5.57587     0.9824     0.1350    35.5821 0.0000e+00
      2.000    13.0376   4.161153    5.52218     1.0132     0.1343    35.5822 0.0000e+00
      1.000    13.0353   4.160975    5.48034     0.9807     0.1354    35.5831 0.0000e+00
