tests/test3_bad_locations/c009.cnv
* Sea-Bird SBE25 Data File:
* FileName = C:\Users\seco1\Desktop\CAREVA0316\c009.hex
* Software Version 1.59
* Temperature SN = 5117
* Conductivity SN = 3687
* System UpLoad Time = Mar 10 2016 23:10:06
** Ship: Vizconde de Eza
** Cruise: Careva0316
** Station:39
** Cast:009
** Latitude:43 52.485 N
** Longitude:02 30.062 W
** Date:10/03/2016
** Time GMT:22:50
** Depth:1073
# nquan = 8
# nvalues = 401                         
# units = specified
# name 0 = prSM: Pressure, Strain Gauge [db]
# name 1 = t090C: Temperature [ITS-90, deg C]
# name 2 = c0S/m: Conductivity [S/m]
# name 3 = sbeox0ML/L: Oxygen, SBE 43 [ml/l]
# name 4 = flECO-AFL: Fluorescence, WET Labs ECO-AFL/FL [mg/m^3]
# name 5 = turbWETntu0: Turbidity, WET Labs ECO [NTU]
# name 6 = sal00: Salinity, Practical [PSU]
# name 7 = flag: flag
# span 0 =      1.000,    201.000       
# span 1 =    12.0179,    13.0432       
# span 2 =   4.073462,   4.166485       
# span 3 =    4.99828,   14.94193       
# span 4 =     0.0191,     1.0175       
# span 5 =     0.1205,     0.1981       
# span 6 =    35.2539,    35.6318       
# span 7 = 0.0000e+00, 0.0000e+00       
# interval = decibars: 1                
# start_time = Mar 11 2016 23:36:49 [Instrument's time stamp, header]
# bad_flag = -9.990e-29
*END*
      1.000    12.9418   4.117450    7.11643     1.0078     0.1981    35.2539 0.0000e+00
      2.000    13.0250   4.142179    7.61564     1.0123     0.1496    35.4126 0.0000e+00
      3.000    12.9972   4.136971    8.97418     1.0065     0.1362    35.3884 0.0000e+00
      4.000    13.0396   4.161917    8.68406     0.9736     0.1359    35.5868 0.0000e+00
      5.000    13.0382   4.161385    8.36836     1.0021     0.1346    35.5826 0.0000e+00
      6.000    13.0387   4.161477    9.01002     0.9930     0.1348    35.5826 0.0000e+00
      7.000    13.0383   4.161530    9.15306     0.9974     0.1340    35.5830 0.0000e+00
      8.000    13.0385   4.161573    9.39801     0.9813     0.1365    35.5828 0.0000e+00
      9.000    13.0376   4.161557    9.72035     1.0095     0.1347    35.5830 0.0000e+00
     10.000    13.0379   4.161627   10.16587     1.0098     0.1341    35.5830 0.0000e+00
     11.000    13.0381   4.161702   10.60610     0.9906     0.1355    35.5831 0.0000e+00
     12.000    13.0383   4.161760   11.07697     1.0070     0.1365    35.5830 0.0000e+00
     13.000    13.0382   4.161811   11.52141     1.0146     0.1353    35.5832 0.0000e+00
     14.000    13.0381   4.161838   11.00156     1.0152     0.1358    35.5831 0.0000e+00
     15.000    13.0386   4.162001   13.89190     1.0087     0.1341    35.5838 0.0000e+00
     16.000    13.0395   4.162164   14.11058     0.9903     0.1329    35.5840 0.0000e+00
     17.000    13.0395   4.162150   14.17901     0.9831     0.1332    35.5834 0.0000e+00
     18.000    13.0414   4.162523   14.31903     0.9530     0.1366    35.5848 0.0000e+00
     19.000    13.0422   4.162564   14.60326     0.9635     0.1358    35.5840 0.0000e+00
     20.000    13.0417   4.162557   14.94193     0.9627     0.1356    35.5840 0.0000e+00
     21.000    13.0410   4.162505   14.79939     0.9628     0.1357    35.5837 0.0000e+00
     22.000    13.0426   4.162708   14.29180     0.9874     0.1348    35.5837 0.0000e+00
     23.000    13.0424   4.162762   13.50812     0.9865     0.1332    35.5839 0.0000e+00
     24.000    13.0419   4.162732    9.70927     0.9687     0.1344    35.5837 0.0000e+00
     25.000    13.0432   4.162884    5.24599     1.0175     0.1364    35.5835 0.0000e+00
     26.000    13.0423   4.162891    5.83911     0.9938     0.1358    35.5840 0.0000e+00
     27.000    13.0422   4.162958    5.92809     0.9655     0.1340    35.5843 0.0000e+00
     28.000    13.0422   4.162970    5.98166     0.9444     0.1361    35.5839 0.0000e+00
     29.000    13.0408   4.162883    6.04452     0.9157     0.1376    35.5840 0.0000e+00
     30.000    13.0394   4.162839    6.09041     0.8629     0.1364    35.5845 0.0000e+00
     31.000    13.0359   4.162586    6.07780     0.8314     0.1340    35.5850 0.0000e+00
     32.000    13.0353   4.162601    6.02199     0.8233     0.1328    35.5852 0.0000e+00
     33.000    13.0327   4.162544    5.96247     0.8212     0.1337    35.5867 0.0000e+00
     34.000    13.0320   4.162501    5.92816     0.8237     0.1339    35.5864 0.0000e+00
     35.000    13.0324   4.162521    5.69547     0.9810     0.1356    35.5858 0.0000e+00
     36.000    13.0319   4.162506    5.78286     0.9865     0.1337    35.5858 0.0000e+00
     37.000    13.0259   4.162141    5.82035     0.9758     0.1336    35.5874 0.0000e+00
     38.000    13.0199   4.161676    5.82481     0.9680     0.1339    35.5882 0.0000e+00
     39.000    13.0029   4.160502    5.81823     0.9545     0.1334    35.5926 0.0000e+00
     40.000    13.0010   4.160462    5.80529     0.8650     0.1340    35.5935 0.0000e+00
     41.000    13.0016   4.160488    5.77695     0.8578     0.1331    35.5928 0.0000e+00
     42.000    13.0011   4.160500    5.70635     0.6969     0.1313    35.5929 0.0000e+00
     43.000    13.0008   4.160509    5.66390     0.6781     0.1315    35.5929 0.0000e+00
     44.000    13.0001   4.160510    5.66994     0.6252     0.1322    35.5931 0.0000e+00
     45.000    13.0004   4.160577    5.70574     0.6504     0.1326    35.5930 0.0000e+00
     46.000    12.9997   4.160564    5.66960     0.7588     0.1305    35.5931 0.0000e+00
     47.000    12.9997   4.160620    5.67485     0.7608     0.1301    35.5932 0.0000e+00
     48.000    12.9991   4.160626    5.64600     0.6883     0.1287    35.5934 0.0000e+00
     49.000    12.9989   4.160685    5.59116     0.6201     0.1293    35.5937 0.0000e+00
     50.000    12.9990   4.160717    5.61365     0.5771     0.1292    35.5935 0.0000e+00
     51.000    12.9985   4.160760    5.67792     0.5497     0.1275    35.5940 0.0000e+00
     52.000    12.9981   4.160764    5.69458     0.5691     0.1282    35.5939 0.0000e+00
     53.000    12.9980   4.160829    5.65819     0.5809     0.1291    35.5942 0.0000e+00
     54.000    12.9981   4.160820    5.56583     0.6786     0.1300    35.5936 0.0000e+00
     55.000    12.9981   4.160914    5.61172     0.6403     0.1301    35.5940 0.0000e+00
     56.000    12.9980   4.160960    5.61153     0.6666     0.1314    35.5941 0.0000e+00
     57.000    12.9983   4.161073    5.62054     0.6693     0.1309    35.5945 0.0000e+00
     58.000    12.9984   4.161109    5.62565     0.6347     0.1306    35.5944 0.0000e+00
     59.000    12.9985   4.161183    5.64247     0.6360     0.1298    35.5945 0.0000e+00
     60.000    12.9988   4.161230    5.64730     0.6266     0.1327    35.5942 0.0000e+00
     61.000    12.9990   4.161291    5.65453     0.6132     0.1340    35.5943 0.0000e+00
     62.000    12.9989   4.161362    5.66011     0.6270     0.1304    35.5945 0.0000e+00
     63.000    12.9991   4.161407    5.64606     0.6551     0.1306    35.5944 0.0000e+00
     64.000    12.9992   4.161458    5.59699     0.6662     0.1307    35.5943 0.0000e+00
     65.000    12.9994   4.161542    5.59786     0.7048     0.1303    35.5945 0.0000e+00
     66.000    12.9996   4.161584    5.59226     0.7091     0.1304    35.5943 0.0000e+00
     67.000    12.9996   4.161730    5.59517     0.6652     0.1297    35.5952 0.0000e+00
     68.000    12.9997   4.161776    5.60785     0.6558     0.1296    35.5951 0.0000e+00
     69.000    12.9999   4.161846    5.62031     0.6384     0.1287    35.5952 0.0000e+00
     70.000    13.0000   4.161888    5.62933     0.6391     0.1286    35.5951 0.0000e+00
     71.000    13.0001   4.161951    5.63426     0.6373     0.1274    35.5952 0.0000e+00
     72.000    13.0002   4.162009    5.63200     0.6328     0.1284    35.5952 0.0000e+00
     73.000    13.0002   4.162049    5.62698     0.6255     0.1300    35.5951 0.0000e+00
     74.000    13.0002   4.162113    5.62161     0.6314     0.1292    35.5952 0.0000e+00
     75.000    13.0006   4.162161    5.60214     0.6504     0.1290    35.5950 0.0000e+00
     76.000    13.0008   4.162262    5.56645     0.6312     0.1290    35.5953 0.0000e+00
     77.000    13.0014   4.162412    5.57698     0.6290     0.1311    35.5958 0.0000e+00
     78.000    13.0011   4.162422    5.59622     0.6355     0.1311    35.5957 0.0000e+00
     79.000    13.0014   4.162478    5.61859     0.6472     0.1311    35.5955 0.0000e+00
     80.000    13.0017   4.162592    5.62118     0.6373     0.1315    35.5958 0.0000e+00
     81.000    13.0018   4.162637    5.61687     0.5975     0.1311    35.5958 0.0000e+00
     82.000    13.0021   4.162716    5.61999     0.6189     0.1306    35.5958 0.0000e+00
     83.000    13.0022   4.162753    5.61428     0.6292     0.1302    35.5957 0.0000e+00
     84.000    13.0024   4.162838    5.61752     0.6418     0.1298    35.5959 0.0000e+00
     85.000    13.0024   4.162895    5.62296     0.6563     0.1295    35.5959 0.0000e+00
     86.000    13.0025   4.162928    5.58082     0.7413     0.1270    35.5957 0.0000e+00
     87.000    13.0023   4.162979    5.58461     0.6783     0.1290    35.5960 0.0000e+00
     88.000    13.0027   4.163085    5.59925     0.6647     0.1277    35.5962 0.0000e+00
     89.000    13.0028   4.163121    5.61037     0.6566     0.1276    35.5960 0.0000e+00
     90.000    13.0029   4.163177    5.60654     0.6161     0.1276    35.5960 0.0000e+00
     91.000    13.0031   4.163243    5.61756     0.6119     0.1275    35.5960 0.0000e+00
     92.000    13.0028   4.163257    5.62697     0.6286     0.1287    35.5960 0.0000e+00
     93.000    13.0033   4.163320    5.61522     0.6496     0.1282    35.5957 0.0000e+00
     94.000    13.0034   4.163355    5.57793     0.6880     0.1291    35.5955 0.0000e+00
     95.000    13.0034   4.163404    5.59543     0.7009     0.1294    35.5956 0.0000e+00
     96.000    13.0037   4.163469    5.62490     0.6992     0.1303    35.5954 0.0000e+00
     97.000    13.0037   4.163544    5.61233     0.6742     0.1298    35.5958 0.0000e+00
     98.000    13.0035   4.163561    5.60188     0.6760     0.1299    35.5956 0.0000e+00
     99.000    13.0036   4.163630    5.59783     0.6639     0.1298    35.5958 0.0000e+00
    100.000    13.0037   4.163664    5.59889     0.6472     0.1288    35.5956 0.0000e+00
    101.000    13.0037   4.163738    5.60280     0.6371     0.1293    35.5958 0.0000e+00
    102.000    13.0039   4.163778    5.60914     0.6227     0.1301    35.5957 0.0000e+00
    103.000    13.0039   4.163831    5.61291     0.6587     0.1306    35.5957 0.0000e+00
    104.000    13.0041   4.163889    5.59759     0.7034     0.1323    35.5956 0.0000e+00
    105.000    13.0042   4.163964    5.59960     0.7101     0.1291    35.5958 0.0000e+00
    106.000    13.0044   4.164026    5.58650     0.6429     0.1292    35.5958 0.0000e+00
    107.000    13.0044   4.164122    5.58269     0.6310     0.1317    35.5963 0.0000e+00
    108.000    13.0046   4.164190    5.58457     0.6313     0.1313    35.5963 0.0000e+00
    109.000    13.0048   4.164266    5.59430     0.5989     0.1288    35.5964 0.0000e+00
    110.000    13.0046   4.164322    5.60165     0.5966     0.1282    35.5967 0.0000e+00
    111.000    13.0050   4.164376    5.61182     0.5901     0.1275    35.5964 0.0000e+00
    112.000    13.0050   4.164416    5.62399     0.5895     0.1264    35.5964 0.0000e+00
    113.000    13.0053   4.164466    5.63038     0.6036     0.1291    35.5961 0.0000e+00
    114.000    13.0054   4.164516    5.59324     0.6369     0.1278    35.5961 0.0000e+00
    115.000    13.0055   4.164569    5.58345     0.6663     0.1288    35.5961 0.0000e+00
    116.000    13.0057   4.164638    5.57852     0.6684     0.1305    35.5961 0.0000e+00
    117.000    13.0059   4.164710    5.58901     0.6828     0.1298    35.5962 0.0000e+00
    118.000    13.0060   4.164815    5.59693     0.6685     0.1304    35.5967 0.0000e+00
    119.000    13.0062   4.164844    5.60002     0.6135     0.1285    35.5964 0.0000e+00
    120.000    13.0061   4.164897    5.60346     0.6220     0.1288    35.5965 0.0000e+00
    121.000    13.0063   4.164960    5.60297     0.6084     0.1307    35.5965 0.0000e+00
    122.000    13.0064   4.165003    5.61426     0.5956     0.1310    35.5964 0.0000e+00
    123.000    13.0064   4.165051    5.62702     0.5856     0.1300    35.5964 0.0000e+00
    124.000    13.0064   4.165100    5.61134     0.6166     0.1283    35.5964 0.0000e+00
    125.000    13.0064   4.165169    5.58787     0.6252     0.1291    35.5966 0.0000e+00
    126.000    13.0065   4.165246    5.60050     0.6673     0.1302    35.5968 0.0000e+00
    127.000    13.0067   4.165291    5.59716     0.6992     0.1341    35.5967 0.0000e+00
    128.000    13.0069   4.165324    5.59774     0.7514     0.1285    35.5963 0.0000e+00
    129.000    13.0070   4.165413    5.60111     0.6353     0.1275    35.5967 0.0000e+00
    130.000    13.0070   4.165465    5.60015     0.6366     0.1284    35.5968 0.0000e+00
    131.000    13.0073   4.165550    5.60337     0.6364     0.1286    35.5968 0.0000e+00
    132.000    13.0073   4.165539    5.60838     0.6154     0.1300    35.5963 0.0000e+00
    133.000    13.0076   4.165634    5.60865     0.6158     0.1301    35.5965 0.0000e+00
    134.000    13.0081   4.165742    5.59702     0.6817     0.1289    35.5966 0.0000e+00
    135.000    13.0079   4.165797    5.59098     0.6414     0.1273    35.5969 0.0000e+00
    136.000    13.0081   4.165878    5.59770     0.6419     0.1385    35.5971 0.0000e+00
    137.000    13.0081   4.165949    5.60817     0.6402     0.1378    35.5973 0.0000e+00
    138.000    13.0084   4.165993    5.60552     0.6407     0.1265    35.5970 0.0000e+00
    139.000    13.0083   4.166078    5.59534     0.6702     0.1289    35.5975 0.0000e+00
    140.000    13.0082   4.166117    5.59306     0.6558     0.1275    35.5975 0.0000e+00
    141.000    13.0081   4.166169    5.59568     0.6488     0.1286    35.5976 0.0000e+00
    142.000    13.0081   4.166236    5.60031     0.6159     0.1285    35.5979 0.0000e+00
    143.000    13.0080   4.166265    5.60105     0.6081     0.1284    35.5978 0.0000e+00
    144.000    13.0070   4.166256    5.60308     0.5961     0.1276    35.5982 0.0000e+00
    145.000    13.0052   4.166127    5.60689     0.5821     0.1265    35.5983 0.0000e+00
    146.000    13.0059   4.166247    5.60282     0.5775     0.1285    35.5983 0.0000e+00
    147.000    13.0062   4.166298    5.58844     0.6113     0.1289    35.5981 0.0000e+00
    148.000    13.0062   4.166336    5.57393     0.6375     0.1329    35.5980 0.0000e+00
    149.000    13.0063   4.166411    5.58797     0.6603     0.1286    35.5983 0.0000e+00
    150.000    13.0063   4.166485    5.59780     0.6124     0.1318    35.5986 0.0000e+00
    151.000    13.0054   4.166473    5.60382     0.5896     0.1322    35.5989 0.0000e+00
    152.000    13.0040   4.166371    5.58879     0.5929     0.1290    35.5987 0.0000e+00
    153.000    13.0000   4.166052    5.57570     0.5794     0.1266    35.5990 0.0000e+00
    154.000    12.9939   4.165513    5.57532     0.6209     0.1286    35.5991 0.0000e+00
    155.000    12.9886   4.165131    5.57752     0.5811     0.1286    35.6000 0.0000e+00
    156.000    12.9822   4.164642    5.58695     0.5256     0.1287    35.6010 0.0000e+00
    157.000    12.9817   4.164642    5.58679     0.5257     0.1293    35.6010 0.0000e+00
    158.000    12.9783   4.164457    5.58386     0.5211     0.1314    35.6020 0.0000e+00
    159.000    12.9748   4.164216    5.58511     0.5093     0.1292    35.6026 0.0000e+00
    160.000    12.9333   4.160221    5.58743     0.4960     0.1285    35.6029 0.0000e+00
    161.000    12.8743   4.154797    5.57589     0.5033     0.1277    35.6061 0.0000e+00
    162.000    12.7551   4.143892    5.53203     0.4513     0.1280    35.6135 0.0000e+00
    163.000    12.7415   4.142858    5.50035     0.2514     0.1249    35.6159 0.0000e+00
    164.000    12.7028   4.139319    5.46181     0.1850     0.1248    35.6180 0.0000e+00
    165.000    12.6521   4.135229    5.42328     0.1631     0.1258    35.6261 0.0000e+00
    166.000    12.6130   4.131645    5.37647     0.1268     0.1241    35.6281 0.0000e+00
    167.000    12.5762   4.128238    5.33498     0.0969     0.1258    35.6296 0.0000e+00
    168.000    12.5279   4.123573    5.28694     0.0893     0.1228    35.6298 0.0000e+00
    169.000    12.5249   4.123340    5.24683     0.0603     0.1244    35.6300 0.0000e+00
    170.000    12.5172   4.122311    5.20987     0.0595     0.1241    35.6269 0.0000e+00
    171.000    12.4855   4.119204    5.19042     0.0608     0.1235    35.6266 0.0000e+00
    172.000    12.4529   4.116227    5.17138     0.0565     0.1251    35.6283 0.0000e+00
    173.000    12.4486   4.115916    5.12380     0.0635     0.1256    35.6288 0.0000e+00
    174.000    12.4456   4.115671    5.04828     0.0542     0.1236    35.6289 0.0000e+00
    175.000    12.4376   4.114944    5.03858     0.0359     0.1263    35.6290 0.0000e+00
    176.000    12.4148   4.112616    5.03906     0.0496     0.1245    35.6276 0.0000e+00
    177.000    12.3552   4.106679    5.04784     0.0572     0.1236    35.6262 0.0000e+00
    178.000    12.3377   4.105091    5.06643     0.0475     0.1244    35.6271 0.0000e+00
    179.000    12.3252   4.103596    5.06830     0.0390     0.1244    35.6240 0.0000e+00
