tests/test3_bad_locations/c012.cnv
* Sea-Bird SBE25 Data File:
* FileName = C:\Users\seco1\Desktop\CAREVA0316\c012.hex
* Software Version 1.59
* Temperature SN = 5117
* Conductivity SN = 3687
* System UpLoad Time = Mar 11 2016 06:15:53
** Ship: Vizconde de Eza
** Cruise: Careva0316
** Station:29
** Cast:012
** Latitude:43 52.466 n
** Longitude:01 32.158 w
** Date:11/03/2016
** Time GMT:05:25
** Depth:60
# nquan = 8
# nvalues = 53                          
# units = specified
# name 0 = prSM: Pressure, Strain Gauge [db]
# name 1 = t090C: Temperature [ITS-90, deg C]
# name 2 = c0S/m: Conductivity [S/m]
# name 3 = sbeox0ML/L: Oxygen, SBE 43 [ml/l]
# name 4 = flECO-AFL: Fluorescence, WET Labs ECO-AFL/FL [mg/m^3]
# name 5 = turbWETntu0: Turbidity, WET Labs ECO [NTU]
# name 6 = sal00: Salinity, Practical [PSU]
# name 7 = flag: flag
# span 0 =      1.000,     52.000       
# span 1 =    11.7604,    12.8440       
# span 2 =   3.982436,   4.080158       
# span 3 =    5.13769,   10.01977       
# span 4 =     0.2642,     1.5048       
# span 5 =     0.2095,     1.3276       
# span 6 =    34.8483,    35.3534       
# span 7 = 0.0000e+00, 0.0000e+00       
# interval = decibars: 1                
# start_time = Mar 12 2016 06:50:14 [Instrument's time stamp, header]
# bad_flag = -9.990e-29
*END*
     51.000    12.8101   4.067173    6.02677     0.4811     1.1904    34.8737 0.0000e+00
     52.000    12.7469   4.062618    5.84174     0.4878     1.3210    34.8882 0.0000e+00
     51.000    12.8181   4.065522    6.13848     0.4734     1.3276    34.8506 0.0000e+00
     50.000    12.8278   4.066182    6.35644     0.4738     1.1852    34.8483 0.0000e+00
     49.000    12.7987   4.064451    6.14358     0.4088     0.8012    34.8590 0.0000e+00
     48.000    12.8440   4.070161    5.84953     0.4297     0.7359    34.8723 0.0000e+00
     47.000    12.8321   4.079825    5.70021     0.3877     0.6951    34.9763 0.0000e+00
     46.000    12.8248   4.070210    5.54290     0.3799     0.6255    34.8914 0.0000e+00
     45.000    12.8141   4.069130    5.44724     0.3531     0.5760    34.8914 0.0000e+00
     44.000    12.8045   4.068958    5.36934     0.3849     0.5637    34.8990 0.0000e+00
     43.000    12.7961   4.075001    5.32437     0.3678     0.5749    34.9652 0.0000e+00
     42.000    12.7865   4.080158    5.28877     0.3568     0.5589    35.0240 0.0000e+00
     41.000    12.7804   4.079066    5.30340     0.3518     0.5368    35.0195 0.0000e+00
     40.000    12.7801   4.073814    5.42720     0.3350     0.4915    34.9699 0.0000e+00
     39.000    12.7442   4.069722    5.58961     0.3622     0.4961    34.9644 0.0000e+00
     38.000    12.5666   4.069638    5.64210     0.3599     0.5601    35.1294 0.0000e+00
     37.000    12.6063   4.067992    5.69431     0.3839     0.5629    35.0770 0.0000e+00
     36.000    12.6811   4.066557    5.54619     0.3658     0.5607    34.9939 0.0000e+00
     35.000    12.6005   4.066769    5.53821     0.3559     0.5408    35.0714 0.0000e+00
     34.000    12.5126   4.067586    5.51860     0.3465     0.4936    35.1619 0.0000e+00
     33.000    12.4840   4.068014    5.45229     0.3346     0.4645    35.1933 0.0000e+00
     32.000    12.5146   4.067187    5.32600     0.3270     0.4308    35.1571 0.0000e+00
     31.000    12.6328   4.066638    5.27489     0.3094     0.3946    35.0418 0.0000e+00
     30.000    12.4688   4.067110    5.41604     0.3130     0.3877    35.2000 0.0000e+00
     29.000    12.4720   4.066855    5.42008     0.3123     0.3644    35.1950 0.0000e+00
     28.000    12.5217   4.066256    5.26238     0.2974     0.3359    35.1432 0.0000e+00
     27.000    12.4882   4.065917    5.26402     0.3245     0.3135    35.1716 0.0000e+00
     26.000    12.4788   4.065830    5.23080     0.3024     0.2792    35.1800 0.0000e+00
     25.000    12.5162   4.065629    5.17703     0.2736     0.2701    35.1435 0.0000e+00
     24.000    12.5259   4.065462    5.13769     0.2642     0.2095    35.1332 0.0000e+00
     23.000    12.5414   4.065699    5.13874     0.2654     0.2148    35.1214 0.0000e+00
     22.000    12.5496   4.065756    5.14816     0.2813     0.2119    35.1148 0.0000e+00
     21.000    12.6029   4.064495    5.20965     0.2945     0.2136    35.0534 0.0000e+00
     20.000    12.6149   4.062443    5.91436     0.2676     0.2230    35.0227 0.0000e+00
     19.000    12.6029   4.062698    6.18086     0.3005     0.2169    35.0368 0.0000e+00
     18.000    12.6053   4.049314    6.04865     0.3040     0.2143    34.9062 0.0000e+00
     17.000    12.6068   4.049627    5.93948     0.3170     0.2174    34.9082 0.0000e+00
     16.000    12.6072   4.055256    5.92441     0.3098     0.2206    34.9625 0.0000e+00
     15.000    12.6127   4.056857    6.00285     0.2950     0.2223    34.9732 0.0000e+00
     14.000    12.6281   4.057304    6.01433     0.3079     0.2280    34.9636 0.0000e+00
     13.000    12.6266   4.057111    5.77748     0.3561     0.2338    34.9636 0.0000e+00
     12.000    12.6125   4.057095    5.59433     0.3952     0.2384    34.9770 0.0000e+00
     11.000    12.6169   4.057045    5.52734     0.4470     0.2377    34.9729 0.0000e+00
     10.000    12.6297   4.056800    5.47599     0.4389     0.2411    34.9590 0.0000e+00
      9.000    12.6371   4.056396    5.43466     0.6184     0.2879    34.9487 0.0000e+00
      8.000    12.6338   4.056073    5.43272     0.9824     0.3439    34.9490 0.0000e+00
      7.000    12.6337   4.054495    5.43371     1.3414     0.3954    34.9344 0.0000e+00
      6.000    12.2160   4.051118    5.48000     1.4354     0.4009    35.2952 0.0000e+00
      5.000    11.7604   3.982436    5.56301     1.4220     0.3993    35.0526 0.0000e+00
      4.000    11.9659   4.011012    8.56188     1.5048     0.4063    35.1388 0.0000e+00
      3.000    12.4860   4.036704   10.01977     1.4800     0.3973    34.9022 0.0000e+00
      2.000    11.9832   4.034472    8.19065     1.4757     0.4040    35.3534 0.0000e+00
      1.000    12.2464   4.033315    7.53306     1.4839     0.3965    35.0941 0.0000e+00
