tests/test3_bad_locations/c014.cnv
* Sea-Bird SBE25 Data File:
* FileName = C:\Users\seco1\Desktop\CAREVA0316\co14.hex
* Software Version 1.59
* Temperature SN = 5117
* Conductivity SN = 3687
* System UpLoad Time = Mar 11 2016 11:31:28
** Ship: Vizconde de Eza
** Cruise: Careva0316
** Station:32
** Cast:
** Latitude:43 37.028 N
** Longitude:01 41.574 W
** Date:11/03/2016
** Time GMT:09:19
** Depth:211
# nquan = 8
# nvalues = 316                         
# units = specified
# name 0 = prSM: Pressure, Strain Gauge [db]
# name 1 = t090C: Temperature [ITS-90, deg C]
# name 2 = c0S/m: Conductivity [S/m]
# name 3 = sbeox0ML/L: Oxygen, SBE 43 [ml/l]
# name 4 = flECO-AFL: Fluorescence, WET Labs ECO-AFL/FL [mg/m^3]
# name 5 = turbWETntu0: Turbidity, WET Labs ECO [NTU]
# name 6 = sal00: Salinity, Practical [PSU]
# name 7 = flag: flag
# span 0 =      1.000,    202.000       
# span 1 =    12.0128,    13.4359       
# span 2 =   3.777274,   4.205340       
# span 3 =  -16.39094,   31.25222       
# span 4 =     0.0408,     1.2114       
# span 5 =     0.1284,     0.5524       
# span 6 =    32.8271,    35.6242       
# span 7 = 0.0000e+00, 0.0000e+00       
# interval = decibars: 1                
# start_time = Mar 12 2016 12:08:14 [Instrument's time stamp, header]
# bad_flag = -9.990e-29
*END*
[from data line 180]
    136.000    13.1276   4.175832    5.93712     0.6210     0.1327    35.5798 0.0000e+00
    135.000    13.1280   4.175742    5.97853     0.6527     0.1326    35.5791 0.0000e+00
    134.000    13.1285   4.175590    6.04228     0.6672     0.1330    35.5776 0.0000e+00
    133.000    13.1287   4.175490    6.09263     0.6724     0.1320    35.5769 0.0000e+00
    132.000    13.1288   4.175325    6.11526     0.6768     0.1319    35.5756 0.0000e+00
    131.000    13.1293   4.175224    6.10263     0.7107     0.1360    35.5746 0.0000e+00
    130.000    13.1301   4.175168    6.00096     0.6724     0.1335    35.5737 0.0000e+00
    129.000    13.1302   4.175071    5.89063     0.6580     0.1340    35.5732 0.0000e+00
    128.000    13.1310   4.175098    5.92912     0.6142     0.1335    35.5732 0.0000e+00
    127.000    13.1317   4.175086    5.89881     0.6279     0.1335    35.5728 0.0000e+00
    126.000    13.1333   4.175180    5.82142     0.6443     0.1345    35.5726 0.0000e+00
    125.000    13.1352   4.175226    5.76554     0.6665     0.1328    35.5717 0.0000e+00
    124.000    13.1398   4.175482    5.80806     0.6545     0.1338    35.5702 0.0000e+00
    123.000    13.1462   4.175910    5.92983     0.6412     0.1348    35.5688 0.0000e+00
    122.000    13.1490   4.175973    6.00972     0.5797     0.1351    35.5672 0.0000e+00
    121.000    13.1503   4.175555    6.00461     0.5236     0.1406    35.5624 0.0000e+00
    120.000    13.1426   4.174223    6.01821     0.5239     0.1389    35.5574 0.0000e+00
    119.000    13.1401   4.173826    6.13983     0.5465     0.1384    35.5564 0.0000e+00
    118.000    13.1399   4.173725    6.20275     0.5338     0.1390    35.5560 0.0000e+00
    117.000    13.1378   4.173343    6.23657     0.5101     0.1356    35.5547 0.0000e+00
    116.000    13.1366   4.173138    6.23805     0.5281     0.1392    35.5543 0.0000e+00
    115.000    13.1361   4.172920    6.22420     0.5416     0.1415    35.5532 0.0000e+00
    114.000    13.1379   4.172883    6.21662     0.5568     0.1410    35.5516 0.0000e+00
    113.000    13.1396   4.172956    6.21480     0.5564     0.1412    35.5511 0.0000e+00
    112.000    13.1424   4.173135    6.18973     0.5565     0.1415    35.5506 0.0000e+00
    111.000    13.1484   4.173675    6.17502     0.5643     0.1409    35.5506 0.0000e+00
    110.000    13.1531   4.174117    6.33890     0.5455     0.1432    35.5508 0.0000e+00
    109.000    13.1530   4.174040    6.32550     0.5287     0.1381    35.5505 0.0000e+00
    108.000    13.1533   4.174016    6.38240     0.5105     0.1385    35.5505 0.0000e+00
    107.000    13.1522   4.173666    6.44984     0.5212     0.1394    35.5487 0.0000e+00
    106.000    13.1496   4.173269    6.47008     0.5431     0.1404    35.5477 0.0000e+00
    105.000    13.1561   4.173898    6.48165     0.5510     0.1412    35.5480 0.0000e+00
    104.000    13.2033   4.179973    6.45580     0.5618     0.1422    35.5620 0.0000e+00
    103.000    13.2517   4.185536    6.37273     0.5230     0.1438    35.5701 0.0000e+00
    102.000    13.2997   4.191727    6.30846     0.4679     0.1475    35.5844 0.0000e+00
    101.000    13.3825   4.201597    6.25124     0.2915     0.1566    35.6011 0.0000e+00
    100.000    13.3950   4.203030    6.26764     0.1955     0.1602    35.6034 0.0000e+00
     99.000    13.4023   4.203801    6.20190     0.1417     0.1645    35.6043 0.0000e+00
     98.000    13.4070   4.204229    6.03427     0.1415     0.1640    35.6044 0.0000e+00
     97.000    13.4092   4.204342    5.94392     0.1318     0.1654    35.6039 0.0000e+00
     96.000    13.4104   4.204308    5.93274     0.1426     0.1613    35.6028 0.0000e+00
     95.000    13.4103   4.204276    5.91761     0.1379     0.1598    35.6030 0.0000e+00
     94.000    13.4106   4.204197    5.85704     0.1392     0.1583    35.6025 0.0000e+00
     93.000    13.4118   4.204234    5.80654     0.1409     0.1579    35.6021 0.0000e+00
     92.000    13.4140   4.204361    5.80553     0.1281     0.1579    35.6017 0.0000e+00
     91.000    13.4198   4.204880    5.85026     0.1554     0.1581    35.6016 0.0000e+00
     90.000    13.4250   4.205340    5.91807     0.1490     0.1568    35.6015 0.0000e+00
     89.000    13.4239   4.204801    6.09821     0.1547     0.1642    35.5979 0.0000e+00
     88.000    13.4230   4.204506    6.17877     0.1927     0.1679    35.5964 0.0000e+00
     87.000    13.4224   4.204278    6.09552     0.1938     0.1706    35.5952 0.0000e+00
     86.000    13.4223   4.204181    6.10729     0.2011     0.1737    35.5948 0.0000e+00
     85.000    13.4218   4.204095    6.14287     0.1818     0.1734    35.5948 0.0000e+00
     84.000    13.4231   4.204078    6.14451     0.1700     0.1770    35.5939 0.0000e+00
     83.000    13.4332   4.204987    6.01700     0.1675     0.1751    35.5935 0.0000e+00
     82.000    13.4324   4.204606    5.98581     0.1716     0.1750    35.5910 0.0000e+00
     81.000    13.4253   4.203615    6.04484     0.1723     0.1751    35.5888 0.0000e+00
     80.000    13.4182   4.202564    5.99853     0.1777     0.1753    35.5859 0.0000e+00
     79.000    13.4110   4.201460    5.91557     0.1966     0.1705    35.5826 0.0000e+00
     78.000    13.4086   4.200978    5.88746     0.2033     0.1686    35.5807 0.0000e+00
     77.000    13.4017   4.199931    5.94599     0.2245     0.1701    35.5776 0.0000e+00
     76.000    13.4066   4.200328    6.03574     0.2338     0.1709    35.5772 0.0000e+00
     75.000    13.4291   4.202620    6.01785     0.2371     0.1737    35.5784 0.0000e+00
     74.000    13.4359   4.202748    6.02651     0.2303     0.1756    35.5736 0.0000e+00
     73.000    13.4277   4.201283    6.07076     0.2148     0.1735    35.5679 0.0000e+00
     72.000    13.3997   4.197119    6.13357     0.2404     0.1713    35.5549 0.0000e+00
     71.000    13.3668   4.192349    6.03800     0.2771     0.1655    35.5409 0.0000e+00
     70.000    13.3481   4.189683    5.82635     0.2964     0.1604    35.5335 0.0000e+00
     69.000    13.3107   4.184591    5.75380     0.3223     0.1572    35.5205 0.0000e+00
     68.000    13.2748   4.179696    5.74037     0.3339     0.1570    35.5081 0.0000e+00
     67.000    13.2158   4.170289    5.74787     0.3602     0.1584    35.4742 0.0000e+00
     66.000    13.1185   4.158974    5.79000     0.4190     0.1555    35.4578 0.0000e+00
     65.000    13.0297   4.147333    5.94757     0.5266     0.1495    35.4302 0.0000e+00
     64.000    13.0134   4.145001    5.99889     0.5963     0.1430    35.4236 0.0000e+00
     63.000    13.0054   4.143817    5.90533     0.6041     0.1453    35.4203 0.0000e+00
     62.000    13.0026   4.143298    5.84553     0.6089     0.1464    35.4184 0.0000e+00
     61.000    13.0020   4.143096    5.82583     0.6123     0.1470    35.4174 0.0000e+00
     60.000    12.9997   4.142725    5.83253     0.6080     0.1469    35.4165 0.0000e+00
     59.000    12.9963   4.142134    5.93296     0.6181     0.1459    35.4144 0.0000e+00
     58.000    12.9929   4.141600    6.05453     0.6339     0.1495    35.4129 0.0000e+00
     57.000    12.9878   4.140802    6.14086     0.6391     0.1501    35.4105 0.0000e+00
     56.000    12.9823   4.140018    6.11886     0.6642     0.1464    35.4086 0.0000e+00
     55.000    12.9827   4.139974    6.09807     0.6471     0.1460    35.4082 0.0000e+00
     54.000    12.9818   4.139823    6.15485     0.6404     0.1456    35.4080 0.0000e+00
     53.000    12.9815   4.139746    6.28511     0.6324     0.1458    35.4081 0.0000e+00
     52.000    12.9811   4.139624    6.49110     0.6390     0.1487    35.4077 0.0000e+00
     51.000    12.9790   4.139264    6.68762     0.6474     0.1490    35.4066 0.0000e+00
     50.000    12.9740   4.138466    6.75634     0.6448     0.1474    35.4041 0.0000e+00
     49.000    12.9673   4.137524    7.20526     0.6626     0.1468    35.4018 0.0000e+00
     48.000    12.9542   4.135680   12.16610     0.7051     0.1461    35.3969 0.0000e+00
     47.000    12.9476   4.134706   21.48017     0.7573     0.1469    35.3941 0.0000e+00
     46.000    12.9471   4.134529   11.10892     0.7680     0.1494    35.3934 0.0000e+00
     45.000    12.9465   4.134393  -15.49457     0.7382     0.1497    35.3930 0.0000e+00
     44.000    12.9461   4.134261  -16.39094     0.7438     0.1482    35.3926 0.0000e+00
     43.000    12.9468   4.134269   -2.50069     0.7648     0.1481    35.3925 0.0000e+00
     42.000    12.9461   4.134048   -1.41395     0.7942     0.1493    35.3914 0.0000e+00
     41.000    12.9252   4.130664   -1.42429     0.8014     0.1494    35.3790 0.0000e+00
     40.000    12.9145   4.128192   -1.42597     0.8158     0.1505    35.3658 0.0000e+00
     39.000    12.9098   4.126798   -1.42553     0.8641     0.1538    35.3573 0.0000e+00
     38.000    12.9054   4.125701   -1.42572     0.8543     0.1506    35.3513 0.0000e+00
     37.000    12.9042   4.125406   -1.42472     0.8639     0.1500    35.3501 0.0000e+00
     36.000    12.9027   4.125033   -1.42544     0.8663     0.1507    35.3483 0.0000e+00
     35.000    12.9010   4.124521   -1.42591     0.8716     0.1492    35.3455 0.0000e+00
     34.000    12.8972   4.123679   -1.42754     0.8624     0.1522    35.3414 0.0000e+00
     33.000    12.8775   4.120404   -1.42943     0.8674     0.1486    35.3288 0.0000e+00
     32.000    12.8800   4.120466   -1.42553     0.9418     0.1510    35.3275 0.0000e+00
     31.000    12.8772   4.119997   -1.42406     0.9659     0.1514    35.3261 0.0000e+00
     30.000    12.8765   4.119813   -1.42800     0.9258     0.1539    35.3254 0.0000e+00
     29.000    12.8778   4.119924   -1.42746     0.9308     0.1518    35.3258 0.0000e+00
     28.000    12.8812   4.120249   -1.42573     0.9532     0.1508    35.3260 0.0000e+00
     27.000    12.8806   4.120084   -1.42525     0.9063     0.1512    35.3255 0.0000e+00
     26.000    12.8756   4.119248   -1.42482     0.9084     0.1554    35.3226 0.0000e+00
     25.000    12.8688   4.118201   -1.42733     0.9207     0.1529    35.3194 0.0000e+00
     24.000    12.8598   4.116790   -1.43652     0.9227     0.1533    35.3147 0.0000e+00
     23.000    12.8467   4.114862   15.44780     0.9045     0.1527    35.3088 0.0000e+00
     22.000    12.8178   4.110570   31.25222     0.9330     0.1509    35.2952 0.0000e+00
     21.000    12.8120   4.109670   12.43755     0.9538     0.1506    35.2924 0.0000e+00
     20.000    12.8020   4.108181   14.18687     0.9702     0.1514    35.2879 0.0000e+00
     19.000    12.7866   4.105585   14.18704     0.9931     0.1518    35.2779 0.0000e+00
     18.000    12.7709   4.102800   14.19169     1.0062     0.1526    35.2662 0.0000e+00
     17.000    12.7551   4.100027   14.19484     1.0542     0.1531    35.2548 0.0000e+00
     16.000    12.7385   4.097293   14.19923     1.0577     0.1531    35.2445 0.0000e+00
     15.000    12.7172   4.093948   14.20509     1.0847     0.1697    35.2326 0.0000e+00
     14.000    12.6747   4.087345   14.21974     1.1223     0.1589    35.2093 0.0000e+00
     13.000    12.6613   4.084803   13.84311     1.1623     0.1546    35.1979 0.0000e+00
     12.000    12.6398   4.080636   13.03713     1.1836     0.1565    35.1782 0.0000e+00
     11.000    12.6141   4.075662   12.32161     1.1868     0.1618    35.1548 0.0000e+00
     10.000    12.6106   4.074786   11.73460     1.2076     0.1587    35.1501 0.0000e+00
      9.000    12.6047   4.073534   11.21403     1.2114     0.1534    35.1439 0.0000e+00
      8.000    12.6078   4.073636   10.91325     1.1618     0.1576    35.1425 0.0000e+00
      7.000    12.6090   4.073731   10.48091     1.1403     0.1584    35.1427 0.0000e+00
      6.000    12.6116   4.073839    9.60575     1.1100     0.1597    35.1417 0.0000e+00
      5.000    12.6166   4.074285    8.90866     1.0930     0.1610    35.1418 0.0000e+00
      4.000    12.5744   4.060261    8.92195     1.0076     0.1647    35.0462 0.0000e+00
      3.000    12.0128   3.777274    8.01803     0.7218     0.5524    32.8271 0.0000e+00
      2.000    12.1150   3.816054    7.82267     0.7438     0.4863    33.1080 0.0000e+00
      1.000    12.1800   3.852412    7.35585     0.7761     0.4780    33.4017 0.0000e+00
