tests/test3_bad_locations/c014.cnv
* Sea-Bird SBE25 Data File:
* FileName = C:\Users\seco1\Desktop\CAREVA0316\co14.hex
* Software Version 1.59
* Temperature SN = 5117
* Conductivity SN = 3687
* System UpLoad Time = Mar 11 2016 11:31:28
** Ship: Vizconde de Eza
** Cruise: Careva0316
** Station:32
** Cast:
** Latitude:43 37.028 N
** Longitude:01 41.574 W
** Date:11/03/2016
** Time GMT:09:19
** Depth:211
# nquan = 8
# nvalues = 316                         
# units = specified
# name 0 = prSM: Pressure, Strain Gauge [db]
# name 1 = t090C: Temperature [ITS-90, deg C]
# name 2 = c0S/m: Conductivity [S/m]
# name 3 = sbeox0ML/L: Oxygen, SBE 43 [ml/l]
# name 4 = flECO-AFL: Fluorescence, WET Labs ECO-AFL/FL [mg/m^3]
# name 5 = turbWETntu0: Turbidity, WET Labs ECO [NTU]
# name 6 = sal00: Salinity, Practical [PSU]
# name 7 = flag: flag
# span 0 =      1.000,    202.000       
# span 1 =    12.0128,    13.4359       
# span 2 =   3.777274,   4.205340       
# span 3 =  -16.39094,   31.25222       
# span 4 =     0.0408,     1.2114       
# span 5 =     0.1284,     0.5524       
# span 6 =    32.8271,    35.6242       
# span 7 = 0.0000e+00, 0.0000e+00       
# interval = decibars: 1                
# start_time = Mar 12 2016 12:08:14 [Instrument's time stamp, header]
# bad_flag = -9.990e-29
*END*
     88.000    13.4224   4.202359    6.24756     0.1619     0.1719    35.5765 0.0000e+00
     89.000    13.4237   4.199834    5.94819     0.1684     0.1741    35.5510 0.0000e+00
     90.000    13.4189   4.198581    5.45326     0.1426     0.1659    35.5432 0.0000e+00
     91.000    13.4155   4.201196    5.15686     0.1283     0.1611    35.5707 0.0000e+00
     92.000    13.4142   4.203185    5.23119     0.1361     0.1553    35.5903 0.0000e+00
     93.000    13.4126   4.203426    5.32459     0.1396     0.1548    35.5937 0.0000e+00
     94.000    13.4125   4.203671    5.57194     0.1388     0.1546    35.5957 0.0000e+00
     95.000    13.4119   4.203749    6.04319     0.1357     0.1579    35.5965 0.0000e+00
     96.000    13.4109   4.203729    6.54241     0.1375     0.1596    35.5969 0.0000e+00
     97.000    13.4103   4.203644    6.72272     0.1293     0.1609    35.5962 0.0000e+00
     98.000    13.4097   4.203511    6.55804     0.1347     0.1614    35.5951 0.0000e+00
     99.000    13.4089   4.202300    5.80303     0.1222     0.1613    35.5839 0.0000e+00
    100.000    13.4071   4.203150    5.27959     0.1315     0.1628    35.5932 0.0000e+00
    101.000    13.3998   4.203463    5.18524     0.1366     0.1635    35.6026 0.0000e+00
    102.000    13.3635   4.200714    5.22002     0.1414     0.1642    35.6100 0.0000e+00
    103.000    13.3031   4.194519    5.50956     0.1570     0.1633    35.6073 0.0000e+00
    104.000    13.2366   4.186190    5.96071     0.1598     0.1635    35.5901 0.0000e+00
    105.000    13.1778   4.179377    6.50279     0.2594     0.1576    35.5800 0.0000e+00
    106.000    13.1505   4.175295    6.74860     0.3469     0.1530    35.5662 0.0000e+00
    107.000    13.1479   4.174401    6.78410     0.5206     0.1429    35.5597 0.0000e+00
    108.000    13.1506   4.174851    6.64554     0.5404     0.1439    35.5610 0.0000e+00
    109.000    13.1512   4.176153    6.43760     0.5466     0.1436    35.5724 0.0000e+00
    110.000    13.1525   4.178893    5.35569     0.5022     0.1414    35.5968 0.0000e+00
    111.000    13.1521   4.175455    5.31016     0.5122     0.1419    35.5641 0.0000e+00
    112.000    13.1482   4.174543    5.36049     0.5153     0.1420    35.5586 0.0000e+00
    113.000    13.1433   4.173689    5.54868     0.5135     0.1425    35.5546 0.0000e+00
    114.000    13.1350   4.172832    5.89074     0.5035     0.1394    35.5538 0.0000e+00
    115.000    13.1337   4.172655    6.24174     0.4984     0.1385    35.5529 0.0000e+00
    116.000    13.1349   4.172863    6.54350     0.4952     0.1383    35.5533 0.0000e+00
    117.000    13.1336   4.173035    6.80839     0.4930     0.1402    35.5557 0.0000e+00
    118.000    13.1327   4.173123    6.80773     0.4738     0.1396    35.5570 0.0000e+00
    119.000    13.1331   4.173420    6.67120     0.4711     0.1395    35.5590 0.0000e+00
    120.000    13.1345   4.174029    5.95860     0.5145     0.1385    35.5631 0.0000e+00
    121.000    13.1394   4.173940    5.53162     0.5125     0.1382    35.5572 0.0000e+00
    122.000    13.1477   4.175171    6.05630     0.5147     0.1385    35.5607 0.0000e+00
    123.000    13.1499   4.176089    6.58435     0.4648     0.1401    35.5670 0.0000e+00
    124.000    13.1484   4.176215    6.86543     0.4266     0.1410    35.5692 0.0000e+00
    125.000    13.1450   4.176465    6.82817     0.3928     0.1376    35.5743 0.0000e+00
    126.000    13.1382   4.176210    6.68692     0.3955     0.1376    35.5778 0.0000e+00
    127.000    13.1374   4.176702    6.25140     0.4918     0.1389    35.5828 0.0000e+00
    128.000    13.1348   4.176524    5.39050     0.5617     0.1375    35.5832 0.0000e+00
    129.000    13.1320   4.175687    5.39606     0.5623     0.1367    35.5774 0.0000e+00
    130.000    13.1308   4.175558    5.51413     0.5929     0.1354    35.5768 0.0000e+00
    131.000    13.1305   4.175535    5.87655     0.5987     0.1387    35.5764 0.0000e+00
    132.000    13.1308   4.175636    6.54535     0.6081     0.1348    35.5767 0.0000e+00
    133.000    13.1308   4.175735    6.67828     0.5954     0.1355    35.5772 0.0000e+00
    134.000    13.1296   4.175731    6.57828     0.5901     0.1337    35.5778 0.0000e+00
    135.000    13.1297   4.175843    6.48009     0.6102     0.1325    35.5785 0.0000e+00
    136.000    13.1295   4.176287    6.38690     0.6133     0.1333    35.5824 0.0000e+00
    137.000    13.1298   4.176412    5.92628     0.6086     0.1330    35.5829 0.0000e+00
    138.000    13.1296   4.176276    5.64224     0.5971     0.1326    35.5813 0.0000e+00
    139.000    13.1278   4.176263    5.65273     0.6009     0.1362    35.5825 0.0000e+00
    140.000    13.1257   4.176152    5.85717     0.6093     0.1415    35.5830 0.0000e+00
    141.000    13.1214   4.175832    6.27571     0.6109     0.1337    35.5835 0.0000e+00
    142.000    13.1189   4.175676    6.56726     0.5977     0.1331    35.5840 0.0000e+00
    143.000    13.1172   4.175626    6.49830     0.5904     0.1307    35.5846 0.0000e+00
    144.000    13.1162   4.175698    6.18213     0.6080     0.1337    35.5859 0.0000e+00
    145.000    13.1147   4.175515    5.83186     0.5912     0.1329    35.5851 0.0000e+00
    146.000    13.1142   4.175433    5.74755     0.5842     0.1339    35.5843 0.0000e+00
    147.000    13.1141   4.175464    5.90787     0.6067     0.1327    35.5843 0.0000e+00
    148.000    13.1133   4.175420    6.19296     0.6084     0.1322    35.5841 0.0000e+00
    149.000    13.1132   4.175413    6.39271     0.6129     0.1313    35.5838 0.0000e+00
    150.000    13.1132   4.175464    6.48099     0.6308     0.1328    35.5838 0.0000e+00
    151.000    13.1135   4.175595    6.36413     0.6149     0.1318    35.5844 0.0000e+00
    152.000    13.1135   4.175696    6.15624     0.5873     0.1314    35.5850 0.0000e+00
    153.000    13.1134   4.175771    6.02036     0.5974     0.1335    35.5852 0.0000e+00
    154.000    13.1132   4.175933    6.07846     0.6155     0.1324    35.5866 0.0000e+00
    155.000    13.1132   4.176076    6.23270     0.5917     0.1323    35.5875 0.0000e+00
    156.000    13.1134   4.176183    6.37796     0.5339     0.1327    35.5880 0.0000e+00
    157.000    13.1138   4.176297    6.38547     0.5672     0.1320    35.5882 0.0000e+00
    158.000    13.1140   4.176465    6.19041     0.5551     0.1317    35.5892 0.0000e+00
    159.000    13.1139   4.176576    5.75693     0.5485     0.1315    35.5899 0.0000e+00
    160.000    13.1134   4.176548    5.54326     0.5605     0.1324    35.5897 0.0000e+00
    161.000    13.1114   4.176449    5.51057     0.5636     0.1328    35.5902 0.0000e+00
    162.000    13.1108   4.176370    5.66308     0.5702     0.1324    35.5896 0.0000e+00
    163.000    13.1125   4.176611    5.97494     0.5763     0.1295    35.5898 0.0000e+00
    164.000    13.1144   4.176893    6.21140     0.5706     0.1298    35.5903 0.0000e+00
    165.000    13.1199   4.177632    6.41264     0.5340     0.1333    35.5918 0.0000e+00
    166.000    13.1236   4.178138    6.42471     0.5163     0.1328    35.5927 0.0000e+00
    167.000    13.1287   4.178965    6.37420     0.4870     0.1313    35.5954 0.0000e+00
    168.000    13.1236   4.178986    6.30108     0.4680     0.1329    35.5999 0.0000e+00
    169.000    13.1128   4.178212    6.69183     0.3704     0.1313    35.6023 0.0000e+00
    170.000    13.1135   4.178633    6.73806     0.3543     0.1301    35.6052 0.0000e+00
    171.000    13.1061   4.177936    6.49354     0.3133     0.1308    35.6051 0.0000e+00
    172.000    13.0870   4.176018    6.55257     0.2769     0.1321    35.6042 0.0000e+00
    173.000    13.0694   4.174259    6.56412     0.2547     0.1347    35.6035 0.0000e+00
    174.000    13.0642   4.173722    6.47673     0.2617     0.1373    35.6029 0.0000e+00
    175.000    13.0525   4.172659    6.36861     0.2774     0.1371    35.6034 0.0000e+00
    176.000    13.0436   4.171905    6.23546     0.2758     0.1390    35.6040 0.0000e+00
    177.000    13.0136   4.169078    6.19147     0.2655     0.1436    35.6048 0.0000e+00
    178.000    12.9728   4.165570    6.28355     0.2514     0.1464    35.6092 0.0000e+00
    179.000    12.9182   4.160465    6.11355     0.1801     0.1581    35.6113 0.0000e+00
    180.000    12.8415   4.152957    5.98340     0.1564     0.1642    35.6111 0.0000e+00
    181.000    12.7715   4.146158    6.02089     0.1448     0.1596    35.6115 0.0000e+00
    182.000    12.7094   4.140532    6.00984     0.1326     0.1600    35.6156 0.0000e+00
    183.000    12.6760   4.137086    5.93671     0.1099     0.1630    35.6135 0.0000e+00
    184.000    12.6156   4.131522    5.85966     0.0876     0.1587    35.6166 0.0000e+00
    185.000    12.5534   4.125534    5.75868     0.0810     0.1539    35.6173 0.0000e+00
    186.000    12.5088   4.121338    5.69766     0.1139     0.1563    35.6185 0.0000e+00
    187.000    12.4555   4.116187    5.67476     0.0757     0.1535    35.6188 0.0000e+00
    188.000    12.4193   4.112681    5.71368     0.0916     0.1532    35.6187 0.0000e+00
    189.000    12.3863   4.109747    5.73234     0.0847     0.1487    35.6212 0.0000e+00
    190.000    12.3762   4.108741    5.72594     0.0655     0.1491    35.6206 0.0000e+00
    191.000    12.3514   4.106283    5.72365     0.0680     0.1478    35.6199 0.0000e+00
    192.000    12.3278   4.104198    5.73588     0.0809     0.1449    35.6216 0.0000e+00
    193.000    12.3207   4.103491    5.67072     0.0771     0.1482    35.6211 0.0000e+00
    194.000    12.2981   4.101196    5.58941     0.0719     0.1473    35.6198 0.0000e+00
    195.000    12.2398   4.095650    5.53170     0.0692     0.1467    35.6209 0.0000e+00
    196.000    12.1923   4.090852    5.55372     0.0762     0.1395    35.6191 0.0000e+00
    197.000    12.1517   4.086781    5.55657     0.0962     0.1365    35.6176 0.0000e+00
    198.000    12.1361   4.085395    5.48448     0.0503     0.1440    35.6185 0.0000e+00
    199.000    12.1288   4.084688    5.43412     0.0539     0.1409    35.6182 0.0000e+00
    200.000    12.1263   4.084455    5.42174     0.0408     0.1415    35.6178 0.0000e+00
    201.000    12.1205   4.083943    5.36465     0.0576     0.1423    35.6179 0.0000e+00
    202.000    12.1157   4.083516    5.33405     0.0708     0.1454    35.6179 0.0000e+00
    201.000    12.1176   4.083691    5.30373     0.0756     0.1440    35.6183 0.0000e+00
    200.000    12.1204   4.083943    5.27197     0.0578     0.1433    35.6185 0.0000e+00
    199.000    12.1237   4.084196    5.23498     0.0763     0.1471    35.6182 0.0000e+00
    198.000    12.1293   4.084743    5.19651     0.0721     0.1456    35.6186 0.0000e+00
    197.000    12.1361   4.085419    5.19261     0.0547     0.1410    35.6192 0.0000e+00
    196.000    12.1569   4.087565    5.24312     0.0667     0.1406    35.6207 0.0000e+00
    195.000    12.2538   4.097153    5.28455     0.0574     0.1434    35.6223 0.0000e+00
    194.000    12.2770   4.099421    5.23456     0.0583     0.1474    35.6226 0.0000e+00
    193.000    12.3002   4.101644    5.19620     0.0584     0.1465    35.6226 0.0000e+00
    192.000    12.3089   4.102479    5.19156     0.0684     0.1446    35.6229 0.0000e+00
    191.000    12.3204   4.103587    5.19957     0.0758     0.1440    35.6231 0.0000e+00
    190.000    12.3320   4.104785    5.22202     0.0832     0.1444    35.6242 0.0000e+00
    189.000    12.3575   4.107182    5.25825     0.0812     0.1440    35.6237 0.0000e+00
    188.000    12.3725   4.108555    5.27905     0.0797     0.1441    35.6232 0.0000e+00
    187.000    12.4001   4.111173    5.28072     0.0787     0.1459    35.6228 0.0000e+00
    186.000    12.4434   4.115065    5.27801     0.0684     0.1465    35.6198 0.0000e+00
    185.000    12.4944   4.120219    5.25822     0.0709     0.1475    35.6218 0.0000e+00
    184.000    12.5693   4.127396    5.23739     0.0754     0.1503    35.6206 0.0000e+00
    183.000    12.6205   4.132314    5.15654     0.0890     0.1525    35.6201 0.0000e+00
    182.000    12.6696   4.136803    5.17471     0.0822     0.1562    35.6173 0.0000e+00
    181.000    12.6972   4.139528    5.22669     0.0851     0.1582    35.6179 0.0000e+00
    180.000    12.7646   4.145882    5.24080     0.0801     0.1578    35.6158 0.0000e+00
    179.000    12.8142   4.150663    5.25217     0.0924     0.1583    35.6153 0.0000e+00
    178.000    12.8520   4.154567    5.26164     0.1071     0.1599    35.6176 0.0000e+00
    177.000    12.9099   4.159932    5.24784     0.1372     0.1628    35.6149 0.0000e+00
    176.000    12.9471   4.163211    5.22397     0.1366     0.1598    35.6117 0.0000e+00
    175.000    12.9762   4.165853    5.23029     0.1495     0.1559    35.6100 0.0000e+00
    174.000    13.0285   4.170496    5.25804     0.1854     0.1526    35.6056 0.0000e+00
    173.000    13.0424   4.171754    5.26650     0.2216     0.1473    35.6050 0.0000e+00
    172.000    13.0540   4.172797    5.27575     0.2567     0.1413    35.6045 0.0000e+00
    171.000    13.0634   4.173705    5.30280     0.2690     0.1400    35.6048 0.0000e+00
    170.000    13.0851   4.175826    5.37295     0.2776     0.1373    35.6051 0.0000e+00
    169.000    13.1014   4.177507    5.37072     0.2768     0.1363    35.6062 0.0000e+00
    168.000    13.1064   4.177753    5.38338     0.2855     0.1337    35.6043 0.0000e+00
    167.000    13.1093   4.177795    5.42575     0.2993     0.1294    35.6025 0.0000e+00
    166.000    13.1176   4.178486    5.43638     0.3227     0.1296    35.6016 0.0000e+00
    165.000    13.1214   4.178597    5.46777     0.3290     0.1297    35.5996 0.0000e+00
    164.000    13.1219   4.178452    5.53445     0.3467     0.1297    35.5981 0.0000e+00
    163.000    13.1212   4.178184    5.58111     0.3764     0.1325    35.5967 0.0000e+00
    162.000    13.1179   4.177509    5.56259     0.4314     0.1318    35.5938 0.0000e+00
    161.000    13.1136   4.176797    5.52807     0.4630     0.1284    35.5915 0.0000e+00
    160.000    13.1102   4.176212    5.51394     0.5370     0.1313    35.5895 0.0000e+00
    159.000    13.1084   4.175891    5.50708     0.5815     0.1291    35.5885 0.0000e+00
    158.000    13.1097   4.175896    5.50030     0.5468     0.1324    35.5878 0.0000e+00
    157.000    13.1107   4.175886    5.50918     0.5576     0.1320    35.5872 0.0000e+00
    156.000    13.1107   4.175796    5.53619     0.6059     0.1311    35.5867 0.0000e+00
    155.000    13.1110   4.175719    5.56255     0.6561     0.1303    35.5861 0.0000e+00
    154.000    13.1113   4.175693    5.56743     0.6723     0.1309    35.5861 0.0000e+00
    153.000    13.1116   4.175687    5.58051     0.6515     0.1293    35.5862 0.0000e+00
    152.000    13.1114   4.175595    5.58870     0.6375     0.1291    35.5859 0.0000e+00
    151.000    13.1121   4.175546    5.61663     0.6712     0.1287    35.5853 0.0000e+00
    150.000    13.1122   4.175365    5.53930     0.6305     0.1324    35.5838 0.0000e+00
    149.000    13.1125   4.175149    5.52042     0.6319     0.1295    35.5820 0.0000e+00
    148.000    13.1125   4.175063    5.56440     0.6296     0.1297    35.5815 0.0000e+00
    147.000    13.1125   4.174976    5.63098     0.6276     0.1291    35.5811 0.0000e+00
    146.000    13.1124   4.174934    5.64089     0.6215     0.1304    35.5812 0.0000e+00
    145.000    13.1125   4.174908    5.64188     0.6572     0.1310    35.5814 0.0000e+00
    144.000    13.1127   4.174832    5.63217     0.6648     0.1305    35.5809 0.0000e+00
    143.000    13.1127   4.174706    5.66342     0.6563     0.1322    35.5801 0.0000e+00
    142.000    13.1136   4.174720    5.73811     0.6685     0.1328    35.5798 0.0000e+00
    141.000    13.1162   4.174917    5.78771     0.7010     0.1317    35.5797 0.0000e+00
    140.000    13.1195   4.175189    5.92149     0.6570     0.1318    35.5796 0.0000e+00
    139.000    13.1216   4.175376    5.84558     0.6955     0.1360    35.5799 0.0000e+00
    138.000    13.1243   4.175598    5.85242     0.6595     0.1338    35.5798 0.0000e+00
