tests/test3_bad_locations/c015.cnv
* Sea-Bird SBE25 Data File:
* FileName = C:\Users\seco1\Desktop\CAREVA0316\c015.hex
* Software Version 1.59
* Temperature SN = 5117
* Conductivity SN = 3687
* System UpLoad Time = Mar 11 2016 17:47:52
** Ship: Vizconde de Eza
** Cruise: Careva0316
** Station:31
** Cast:015
** Latitude:43 32.321n
** Longitude:01 55.687w
** Date:11/03/2016
** Time GMT:16:50
** Depth:140
# nquan = 8
# nvalues = 173                         
# units = specified
# name 0 = prSM: Pressure, Strain Gauge [db]
# name 1 = t090C: Temperature [ITS-90, deg C]
# name 2 = c0S/m: Conductivity [S/m]
# name 3 = sbeox0ML/L: Oxygen, SBE 43 [ml/l]
# name 4 = flECO-AFL: Fluorescence, WET Labs ECO-AFL/FL [mg/m^3]
# name 5 = turbWETntu0: Turbidity, WET Labs ECO [NTU]
# name 6 = sal00: Salinity, Practical [PSU]
# name 7 = flag: flag
# span 0 =      1.000,     87.000       
# span 1 =    12.2776,    13.0482       
# span 2 =   3.802525,   4.148262       
# span 3 =    5.45927,   18.63696       
# span 4 =     0.3910,     0.9512       
# span 5 =     0.1912,     0.5668       
# span 6 =    32.8105,    35.4128       
# span 7 = 0.0000e+00, 0.0000e+00       
# interval = decibars: 1                
# start_time = Mar 12 2016 18:29:53 [Instrument's time stamp, header]
# bad_flag = -9.990e-29
*END*
      1.000    12.3023   3.831274    8.19067     0.9027     0.5517    33.0893 0.0000e+00
      2.000    12.3047   3.802525    8.56389     0.8830     0.5668    32.8105 0.0000e+00
      3.000    12.3166   3.876325    8.41876     0.9161     0.5590    33.5094 0.0000e+00
      4.000    12.3046   3.902348    8.28807     0.9196     0.5511    33.7707 0.0000e+00
      5.000    12.2776   3.923317    8.49334     0.9250     0.5174    33.9973 0.0000e+00
      6.000    12.2789   3.931628    8.82987     0.9261     0.4810    34.0760 0.0000e+00
      7.000    12.2963   3.940209    9.36661     0.9298     0.4027    34.1427 0.0000e+00
      8.000    12.3174   3.952518   10.33643     0.8241     0.3777    34.2420 0.0000e+00
      9.000    12.3208   3.954534   11.10971     0.7905     0.3662    34.2579 0.0000e+00
     10.000    12.3400   3.961751   11.60103     0.7559     0.3535    34.3097 0.0000e+00
     11.000    12.3683   3.970683   12.05385     0.7128     0.3601    34.3695 0.0000e+00
     12.000    12.3796   3.974900   12.20978     0.6247     0.3668    34.3995 0.0000e+00
     13.000    12.3811   3.975739   11.89947     0.5771     0.3584    34.4058 0.0000e+00
     14.000    12.3939   3.980575   10.98000     0.5561     0.3509    34.4403 0.0000e+00
     15.000    12.4333   3.994440    9.96805     0.5546     0.3424    34.5375 0.0000e+00
     16.000    12.4525   4.001284    8.68115     0.5594     0.3354    34.5854 0.0000e+00
     17.000    12.4530   4.001594    7.75637     0.5450     0.3259    34.5875 0.0000e+00
     18.000    12.4610   4.004255    7.30885     0.5464     0.3129    34.6054 0.0000e+00
     19.000    12.4777   4.009678    7.40626     0.5468     0.3114    34.6419 0.0000e+00
     20.000    12.4942   4.015072    7.33980     0.5765     0.3042    34.6783 0.0000e+00
     21.000    12.5026   4.017851    9.68382     0.5901     0.2970    34.6969 0.0000e+00
     22.000    12.5058   4.019325   15.95512     0.5653     0.2918    34.7077 0.0000e+00
     23.000    12.5112   4.021087   15.49932     0.5735     0.2909    34.7192 0.0000e+00
     24.000    12.5177   4.022845   14.21951     0.5913     0.2957    34.7297 0.0000e+00
     25.000    12.5271   4.025711   14.32288     0.5887     0.2972    34.7483 0.0000e+00
     26.000    12.5631   4.034864   14.31135     0.6235     0.2761    34.8027 0.0000e+00
     27.000    12.6054   4.045920   14.29492     0.6284     0.2780    34.8695 0.0000e+00
     28.000    12.6231   4.052599   14.29003     0.6349     0.2806    34.9169 0.0000e+00
     29.000    12.6299   4.054876   12.63950     0.6456     0.2879    34.9321 0.0000e+00
     30.000    12.6446   4.058788    9.14729     0.6647     0.2773    34.9556 0.0000e+00
     31.000    12.6789   4.066665    7.63507     0.6696     0.2824    34.9991 0.0000e+00
     32.000    12.6985   4.071248    7.34659     0.6361     0.2699    35.0245 0.0000e+00
     33.000    12.7038   4.074312    8.88214     0.5784     0.2708    35.0486 0.0000e+00
     34.000    12.7057   4.075747    8.26216     0.5725     0.2680    35.0601 0.0000e+00
     35.000    12.7169   4.078176    7.71306     0.5704     0.2635    35.0727 0.0000e+00
     36.000    12.7334   4.081390    7.21066     0.5368     0.2567    35.0877 0.0000e+00
     37.000    12.7449   4.083779    6.89429     0.5365     0.2559    35.0996 0.0000e+00
     38.000    12.7609   4.086706    6.79501     0.5073     0.2638    35.1123 0.0000e+00
     39.000    12.7728   4.090901    6.72837     0.4986     0.2683    35.1410 0.0000e+00
     40.000    12.7873   4.095218    6.63899     0.5076     0.2721    35.1686 0.0000e+00
     41.000    12.7894   4.095572    6.55409     0.5077     0.2500    35.1695 0.0000e+00
     42.000    12.7916   4.096055    5.88169     0.5126     0.2302    35.1717 0.0000e+00
     43.000    12.7987   4.097221    5.97972     0.5272     0.2290    35.1758 0.0000e+00
     44.000    12.7990   4.097456    6.05212     0.5207     0.2361    35.1774 0.0000e+00
     45.000    12.7990   4.098056    6.07753     0.5183     0.2315    35.1827 0.0000e+00
     46.000    12.8176   4.101173    6.06507     0.5209     0.2283    35.1948 0.0000e+00
     47.000    12.8327   4.103789    6.10509     0.4975     0.2267    35.2053 0.0000e+00
     48.000    12.8434   4.105827    6.22197     0.4833     0.2257    35.2145 0.0000e+00
     49.000    12.8512   4.107216    6.32903     0.4710     0.2184    35.2201 0.0000e+00
     50.000    12.8604   4.109208    6.29145     0.4608     0.2161    35.2302 0.0000e+00
     51.000    12.8648   4.110219    6.65510     0.4607     0.2376    35.2354 0.0000e+00
     52.000    12.8687   4.111006    6.50559     0.4622     0.2162    35.2388 0.0000e+00
     53.000    12.8686   4.111026    6.84374     0.4694     0.2129    35.2387 0.0000e+00
     54.000    12.8756   4.112668    7.09276     0.4706     0.2140    35.2474 0.0000e+00
     55.000    12.8714   4.113373    6.93478     0.4745     0.2115    35.2576 0.0000e+00
     56.000    12.8691   4.113265    6.59208     0.4911     0.2128    35.2584 0.0000e+00
     57.000    12.8705   4.113620    6.23815     0.5330     0.2135    35.2600 0.0000e+00
     58.000    12.8740   4.114115    6.01002     0.5960     0.2026    35.2611 0.0000e+00
     59.000    12.8760   4.114509    5.88470     0.5727     0.2024    35.2625 0.0000e+00
     60.000    12.8719   4.114199    5.95363     0.5686     0.1980    35.2629 0.0000e+00
     61.000    12.8666   4.114868    5.73487     0.6225     0.1984    35.2738 0.0000e+00
     62.000    12.8783   4.117812    5.61746     0.7296     0.2006    35.2907 0.0000e+00
     63.000    12.8852   4.119656    5.61726     0.7158     0.2009    35.3015 0.0000e+00
     64.000    12.8980   4.123096    5.61426     0.7159     0.2028    35.3220 0.0000e+00
     65.000    12.9017   4.123844    5.63672     0.7356     0.1993    35.3253 0.0000e+00
     66.000    12.9018   4.124133    5.66334     0.7783     0.2006    35.3276 0.0000e+00
     67.000    12.9050   4.124828    5.62223     0.7614     0.1929    35.3308 0.0000e+00
     68.000    12.9105   4.125960    5.58221     0.7896     0.2081    35.3361 0.0000e+00
     69.000    12.9263   4.128870    5.58294     0.7886     0.2017    35.3487 0.0000e+00
     70.000    12.9268   4.128913    5.59928     0.8141     0.1925    35.3483 0.0000e+00
     71.000    12.9335   4.130292    5.58887     0.7600     0.2036    35.3547 0.0000e+00
     72.000    12.9390   4.131234    5.55822     0.7453     0.2048    35.3581 0.0000e+00
     73.000    12.9427   4.131749    5.56268     0.7209     0.2020    35.3592 0.0000e+00
     74.000    12.9480   4.132506    5.58371     0.6930     0.2036    35.3610 0.0000e+00
     75.000    12.9711   4.135984    5.57795     0.6761     0.2042    35.3723 0.0000e+00
     76.000    12.9829   4.137882    5.57258     0.6347     0.2103    35.3789 0.0000e+00
     77.000    12.9869   4.138848    5.55942     0.5362     0.2219    35.3840 0.0000e+00
     78.000    12.9890   4.139286    5.54101     0.5410     0.2303    35.3858 0.0000e+00
     79.000    12.9891   4.139430    5.54900     0.5075     0.2468    35.3866 0.0000e+00
     80.000    12.9939   4.140379    5.53014     0.4944     0.2513    35.3908 0.0000e+00
     81.000    13.0002   4.141423    5.53287     0.4957     0.2478    35.3945 0.0000e+00
     82.000    13.0105   4.142991    5.54012     0.4912     0.2405    35.3994 0.0000e+00
     83.000    13.0219   4.144762    5.53921     0.4946     0.2421    35.4052 0.0000e+00
     84.000    13.0373   4.146831    5.53858     0.4808     0.2562    35.4101 0.0000e+00
     85.000    13.0460   4.147934    5.53097     0.4210     0.3122    35.4121 0.0000e+00
     86.000    13.0470   4.148109    5.52654     0.4102     0.3639    35.4124 0.0000e+00
     87.000    13.0480   4.148257    5.51252     0.3910     0.3783    35.4125 0.0000e+00
     86.000    13.0482   4.148262    5.51588     0.3947     0.3697    35.4128 0.0000e+00
     85.000    13.0477   4.148178    5.50621     0.4390     0.3667    35.4128 0.0000e+00
     84.000    13.0430   4.147501    5.48517     0.4728     0.3553    35.4112 0.0000e+00
     83.000    13.0395   4.147017    5.47891     0.4807     0.3452    35.4103 0.0000e+00
     82.000    13.0330   4.146058    5.48231     0.4551     0.3152    35.4076 0.0000e+00
     81.000    13.0180   4.143899    5.49048     0.4763     0.2856    35.4015 0.0000e+00
     80.000    13.0066   4.142257    5.50493     0.5020     0.2629    35.3969 0.0000e+00
     79.000    12.9961   4.140645    5.51094     0.5216     0.2399    35.3917 0.0000e+00
     78.000    12.9884   4.139305    5.46967     0.5558     0.2343    35.3865 0.0000e+00
     77.000    12.9886   4.139174    5.45944     0.5298     0.2360    35.3855 0.0000e+00
     76.000    12.9891   4.139092    5.46967     0.5506     0.2350    35.3848 0.0000e+00
     75.000    12.9875   4.138681    5.47157     0.5672     0.2321    35.3827 0.0000e+00
     74.000    12.9862   4.138304    5.46294     0.5823     0.2292    35.3808 0.0000e+00
     73.000    12.9713   4.135824    5.46774     0.5757     0.2217    35.3714 0.0000e+00
     72.000    12.9656   4.134972    5.48504     0.6280     0.2139    35.3691 0.0000e+00
     71.000    12.9550   4.133349    5.50685     0.7207     0.2035    35.3638 0.0000e+00
     70.000    12.9411   4.131202    5.51613     0.7861     0.1984    35.3567 0.0000e+00
     69.000    12.9286   4.129172    5.45927     0.8168     0.1950    35.3494 0.0000e+00
     68.000    12.9263   4.128650    5.46681     0.7728     0.1967    35.3471 0.0000e+00
     67.000    12.9189   4.127285    5.48098     0.7855     0.1963    35.3414 0.0000e+00
     66.000    12.9097   4.125571    5.48347     0.8016     0.1987    35.3340 0.0000e+00
     65.000    12.9074   4.124970    5.50032     0.7930     0.1957    35.3308 0.0000e+00
     64.000    12.9056   4.124452    5.51031     0.7896     0.1929    35.3280 0.0000e+00
     63.000    12.9030   4.123879    5.50622     0.8114     0.1961    35.3253 0.0000e+00
     62.000    12.8939   4.121659    5.50932     0.7810     0.1984    35.3130 0.0000e+00
     61.000    12.8834   4.118863    5.55739     0.7356     0.2035    35.2964 0.0000e+00
     60.000    12.8760   4.115826    5.55867     0.6435     0.1948    35.2747 0.0000e+00
     59.000    12.8731   4.113939    5.52302     0.6186     0.1948    35.2598 0.0000e+00
     58.000    12.8736   4.114084    5.56122     0.6526     0.1912    35.2611 0.0000e+00
     57.000    12.8725   4.113803    5.59496     0.6407     0.1929    35.2599 0.0000e+00
     56.000    12.8725   4.113663    5.61559     0.6276     0.1940    35.2589 0.0000e+00
     55.000    12.8718   4.113369    5.63867     0.5879     0.1988    35.2573 0.0000e+00
     54.000    12.8755   4.112919    5.61905     0.5859     0.2018    35.2499 0.0000e+00
     53.000    12.8709   4.111468    5.60228     0.5701     0.2072    35.2407 0.0000e+00
     52.000    12.8686   4.110928    5.61264     0.5370     0.2097    35.2381 0.0000e+00
     51.000    12.8634   4.109825    5.61223     0.5615     0.2103    35.2328 0.0000e+00
     50.000    12.8567   4.108216    5.60083     0.5401     0.2121    35.2242 0.0000e+00
     49.000    12.8467   4.106225    5.63958     0.5344     0.2174    35.2148 0.0000e+00
     48.000    12.8393   4.104661    6.21912     0.4989     0.2178    35.2071 0.0000e+00
     47.000    12.8359   4.103885    7.10583     0.5052     0.2109    35.2033 0.0000e+00
     46.000    12.8215   4.101506    7.04560     0.5032     0.2205    35.1944 0.0000e+00
     45.000    12.8063   4.098913    6.78400     0.5284     0.2252    35.1841 0.0000e+00
     44.000    12.8011   4.097707    6.73107     0.5154     0.2273    35.1778 0.0000e+00
     43.000    12.7988   4.097178    7.04513     0.5406     0.2291    35.1754 0.0000e+00
     42.000    12.7921   4.095878    7.45853     0.5672     0.2327    35.1695 0.0000e+00
     41.000    12.7872   4.094967    6.94793     0.5405     0.2398    35.1658 0.0000e+00
     40.000    12.7739   4.090887    5.71973     0.5730     0.2505    35.1394 0.0000e+00
     39.000    12.7648   4.087787    5.66523     0.5273     0.2610    35.1186 0.0000e+00
     38.000    12.7543   4.084993    5.70018     0.5305     0.2651    35.1020 0.0000e+00
     37.000    12.7427   4.082800    5.72719     0.5122     0.2630    35.0922 0.0000e+00
     36.000    12.7287   4.080050    5.77884     0.5469     0.2615    35.0792 0.0000e+00
     35.000    12.7183   4.077973    5.72700     0.5550     0.2609    35.0694 0.0000e+00
     34.000    12.7162   4.076972    5.55627     0.5667     0.2602    35.0621 0.0000e+00
     33.000    12.7094   4.074888    5.51566     0.5737     0.2634    35.0489 0.0000e+00
     32.000    12.6999   4.071870    5.47896     0.6301     0.2666    35.0291 0.0000e+00
     31.000    12.6801   4.066837    5.57536     0.7060     0.2690    34.9996 0.0000e+00
     30.000    12.6464   4.058746    6.17073     0.7422     0.2733    34.9536 0.0000e+00
     29.000    12.6289   4.054192    6.77793     0.7000     0.2738    34.9264 0.0000e+00
     28.000    12.6227   4.052173    6.81698     0.6367     0.2700    34.9132 0.0000e+00
     27.000    12.6106   4.046960    6.40835     0.6448     0.2694    34.8747 0.0000e+00
     26.000    12.5744   4.036212    6.18454     0.6679     0.2705    34.8051 0.0000e+00
     25.000    12.5311   4.026320    7.27423     0.7202     0.2707    34.7504 0.0000e+00
     24.000    12.5164   4.022307   12.76166     0.7645     0.2718    34.7258 0.0000e+00
     23.000    12.5045   4.019011   18.63696     0.6965     0.2743    34.7054 0.0000e+00
     22.000    12.5064   4.019038   14.37528     0.5845     0.2787    34.7043 0.0000e+00
     21.000    12.5036   4.018064   14.40013     0.6034     0.2817    34.6979 0.0000e+00
     20.000    12.4985   4.016146   14.32713     0.5970     0.2892    34.6846 0.0000e+00
     19.000    12.4866   4.012399   14.33099     0.5851     0.2967    34.6599 0.0000e+00
     18.000    12.4762   4.008857   14.33517     0.5438     0.3004    34.6358 0.0000e+00
     17.000    12.4623   4.004549   14.34037     0.5625     0.2976    34.6075 0.0000e+00
     16.000    12.4486   3.999673   14.34448     0.5729     0.3025    34.5735 0.0000e+00
     15.000    12.4144   3.987115   14.36034     0.5740     0.3153    34.4842 0.0000e+00
     14.000    12.3848   3.976746   14.37541     0.5718     0.3186    34.4117 0.0000e+00
     13.000    12.3818   3.975790   14.31771     0.6204     0.3190    34.4057 0.0000e+00
     12.000    12.3801   3.974897   13.67098     0.5841     0.3227    34.3991 0.0000e+00
     11.000    12.3669   3.970620   13.11558     0.5968     0.3272    34.3702 0.0000e+00
     10.000    12.3396   3.962435   12.72708     0.6691     0.3336    34.3167 0.0000e+00
      9.000    12.3316   3.958262   12.24193     0.7369     0.3408    34.2841 0.0000e+00
      8.000    12.3266   3.955550   11.75333     0.7296     0.3399    34.2628 0.0000e+00
      7.000    12.3078   3.945513   11.04884     0.7877     0.3475    34.1835 0.0000e+00
      6.000    12.2932   3.938361   10.02687     0.8689     0.3673    34.1280 0.0000e+00
      5.000    12.2819   3.928091    9.45962     0.9399     0.4093    34.0395 0.0000e+00
      4.000    12.2989   3.904196    9.10026     0.9512     0.4674    33.7937 0.0000e+00
      3.000    12.3088   3.893748    8.80154     0.9305     0.4864    33.6844 0.0000e+00
      2.000    12.3114   3.888066    8.38267     0.9412     0.4986    33.6277 0.0000e+00
      1.000    12.3071   3.875269    7.38806     0.9190     0.5259    33.5087 0.0000e+00
